0 0.4809609375 0.5516527777777778 0.004132812499999972 0.008652777777777803
1 0.44140625 0.39019444444444445 0.009414062499999964 0.017458333333333402
1 0.3813515625 0.33268055555555553 0.008742187500000043 0.021513888888888902
1 0.42407031249999994 0.5950555555555556 0.008414062499999986 0.01923611111111114
1 0.568359375 0.5646666666666667 0.00912500000000005 0.0244305555555556
1 0.5356484375 0.4565972222222222 0.008312500000000079 0.02077777777777783
1 0.513671875 0.7460972222222223 0.009054687499999936 0.022097222222222337
1 0.4560546875 0.25281944444444443 0.013070312500000014 0.025694444444444443
1 0.69140625 0.602 0.0140625 0.02315277777777772
1 0.4126015625 0.8172777777777779 0.012726562499999972 0.026291666666666755
1 0.4770546875 0.453125 0.013953124999999922 0.024708333333333284
1 0.5444375 0.2526111111111111 0.007726562500000078 0.017527777777777784
1 0.4946328125 0.6274722222222222 0.015781250000000035 0.027402777777777804