1 0.5336953125 0.27170833333333333 0.010570312499999979 0.02538888888888885
1 0.365234375 0.3298611111111111 0.010781249999999964 0.01952777777777778
1 0.4765625 0.45181944444444444 0.014453125 0.024236111111111173
1 0.66015625 0.5850694444444444 0.011374999999999958 0.022347222222222265
1 0.5 0.6293472222222222 0.009015624999999972 0.019013888888888966
1 0.42065625000000006 0.594625 0.008125000000000071 0.0196805555555555
1 0.45629687499999994 0.24891666666666667 0.011507812500000015 0.02045833333333336
1 0.5610390625 0.5620694444444444 0.009234374999999951 0.022097222222222178
1 0.5107421875 0.7235277777777779 0.008125000000000071 0.021847222222222247
0 0.4677734375 0.5243055555555556 0.003835937500000064 0.00809722222222228
1 0.5205078125 0.47352777777777777 0.007515624999999915 0.022097222222222178
1 0.4365234375 0.41384722222222226 0.010210937499999951 0.015791666666666673
1 0.400390625 0.7803888888888889 0.009054687499999981 0.020944444444444342