1 0.587109375 0.4909722222222222 0.01484375 0.02361111111111111
1 0.894531 0.797222 0.015625 0.025000
1 0.446875 0.690972 0.009375 0.018056
1 0.749609 0.562500 0.019531 0.019444
1 0.155078 0.484028 0.014844 0.018056
1 0.698438 0.647917 0.010937 0.018056
1 0.378125 0.268056 0.010937 0.022222
1 0.950391 0.637500 0.022656 0.013889
1 0.719141 0.802083 0.016406 0.023611
1 0.577734 0.818750 0.010156 0.020833
1 0.852734375 0.47430555555555554 0.01796875 0.020833333333333332
1 0.869141 0.965278 0.013281 0.025000
0 0.857812 0.941667 0.003125 0.005556