1 0.3435078125 0.8294305555555557 0.010781249999999964 0.01779166666666659
1 0.3322734375 0.6089444444444444 0.014453125 0.019763888888888914
1 0.2421875 0.4587638888888889 0.02121093749999998 0.029263888888888957
1 0.24401562499999999 0.8528611111111111 0.010734375000000008 0.02168055555555542
1 0.3994140625 0.5299444444444444 0.011242187500000033 0.036430555555555584
1 0.389890625 0.31033333333333335 0.013328124999999958 0.03993055555555555
1 0.3186015625 0.6089444444444444 0.011734374999999986 0.024333333333333308
1 0.23157031250000001 0.22265277777777778 0.016843749999999956 0.028152777777777752
1 0.0798984375 0.48568055555555556 0.02220312499999999 0.025583333333333277
1 0.7485390625 0.5286527777777777 0.015718749999999913 0.021930555555555505
1 0.2094765625 0.6271666666666667 0.012828124999999968 0.01886111111111117
1 0.372046875 0.3866111111111111 0.015546874999999983 0.024513888888888856
0 0.252875 0.46444444444444444 0.006101562499999958 0.01097222222222219