1 0.776859375 0.5403611111111111 0.01615625000000005 0.02461111111111115
0 0.43578906249999994 0.6710138888888889 0.0037343749999999786 0.0074999999999999685
1 0.2556171875 0.44705555555555554 0.013023437499999967 0.022277777777777726
1 0.23229687499999999 0.2185277777777778 0.01417187499999999 0.024708333333333363
1 0.6293984375 0.546875 0.00912500000000005 0.018013888888888926
1 0.4829140625 0.24804166666666666 0.013585937500000079 0.028722222222222232
1 0.4873046875 0.8363750000000001 0.010367187499999986 0.026805555555555492
1 0.5756875 0.30577777777777776 0.009742187500000022 0.02069444444444441
1 0.3435078125 0.4012638888888889 0.015835937499999987 0.020222222222222145
1 0.4165078125 0.6475694444444444 0.012773437499999929 0.0224444444444444
1 0.3181171875 0.8394166666666667 0.011328125 0.018152777777777688
1 0.0691875 0.5298333333333334 0.023703125000000002 0.026194444444444465
1 0.561625 0.6868888888888889 0.011296875000000029 0.0181805555555556