1 0.176171875 0.5583333333333333 0.01640625 0.016666666666666666
1 0.0671875 0.5458333333333333 0.0171875 0.011111111111111112
1 0.47109375 0.6840277777777778 0.009375 0.018055555555555554
1 0.229296875 0.21319444444444444 0.01171875 0.015277777777777777
1 0.430469 0.307639 0.014062 0.026389
1 0.488672 0.336111 0.008594 0.022222
1 0.524219 0.491667 0.012500 0.019444
1 0.219922 0.437500 0.016406 0.033333
1 0.810156 0.543056 0.018750 0.022222
1 0.388281 0.722917 0.010937 0.029167
1 0.216406 0.807639 0.012500 0.023611
0 0.225781 0.792361 0.004687 0.006944
1 0.435547 0.874306 0.010156 0.031944