1 0.2104921875 0.15091666666666667 0.019960937499999963 0.024541666666666687
1 0.2771015625 0.21690277777777775 0.01395312500000001 0.03054166666666668
1 0.0985703125 0.48394444444444445 0.01850781250000001 0.021180555555555557
1 0.6879921875 0.5585972222222222 0.01085937500000007 0.02126388888888881
1 0.48510937500000006 0.16243055555555555 0.013953124999999922 0.03270833333333333
1 0.61865625 0.17469444444444446 0.011164062499999971 0.02397222222222221
1 0.43969531249999994 0.6493055555555556 0.008851562499999943 0.0196805555555555
1 0.70459375 0.7118055555555556 0.012101562500000006 0.026694444444444482
1 0.476078125 0.5234444444444445 0.010289062500000057 0.028833333333333322
1 0.826171875 0.5208333333333334 0.015015624999999843 0.025
1 0.60546875 0.8320277777777777 0.008882812499999915 0.03727777777777767
1 0.413578125 0.8710972222222223 0.012484375000000015 0.03284722222222235
0 0.47311718750000004 0.5326111111111111 0.004726562499999964 0.010388888888888914