1 0.8662109375 0.5269166666666667 0.0171015624999999 0.022277777777777726
1 0.849609375 0.9444444444444444 0.019687499999999858 0.04163888888888891
1 0.7094765625 0.5850694444444444 0.014281249999999978 0.022875000000000038
1 0.7290078125 0.5564305555555555 0.014335937499999929 0.01573611111111117
1 0.642578125 0.5034722222222222 0.015304687499999936 0.02826388888888892
1 0.748046875 0.7686666666666667 0.0140625 0.0235000000000001
1 0.396 0.257375 0.007515625000000003 0.014611111111111085
1 0.4868203125 0.6410555555555556 0.009273437499999915 0.023416666666666686
1 0.5903359375 0.7964444444444445 0.00929687500000007 0.027319444444444545
1 0.94921875 0.632375 0.023726562499999916 0.017125000000000057
1 0.873046875 0.8515694444444445 0.015078125000000142 0.024902777777777867
1 0.1547890625 0.48480555555555555 0.014226562499999984 0.016027777777777728
0 0.8413125000000001 0.9296944444444445 0.004812499999999886 0.009430555555555505