1 0.23132031249999999 0.2195277777777778 0.01785156250000002 0.02329166666666664
1 0.21484375 0.4325138888888889 0.018125000000000037 0.024708333333333284
1 0.059203125 0.5559861111111111 0.0199921875 0.02201388888888892
1 0.509765625 0.4934861111111111 0.009054687499999936 0.01843055555555553
1 0.46069531250000006 0.6857638888888888 0.013171874999999921 0.029625000000000058
1 0.3830546875 0.6983472222222222 0.011203125000000026 0.020541666666666618
1 0.1853046875 0.8038194444444444 0.015718750000000004 0.02538888888888885
0 0.1551484375 0.6284722222222222 0.004507812499999986 0.008791666666666724
1 0.47387499999999994 0.32140277777777776 0.009523437500000042 0.02102777777777776
1 0.792484375 0.5373333333333333 0.022585937500000063 0.02731944444444439
1 0.42211718749999994 0.32616666666666666 0.018539062500000016 0.05211111111111109
1 0.1531875 0.5680694444444444 0.017718750000000005 0.020847222222222208
1 0.41902343750000004 0.8526944444444445 0.016015625 0.023944444444444456