1 0.503421875 0.6423611111111112 0.009335937500000035 0.0196805555555555
1 0.5537109375 0.2482638888888889 0.007843749999999972 0.023777777777777783
0 0.48901562500000006 0.5733472222222222 0.004218750000000071 0.008263888888888953
1 0.573734375 0.5538194444444444 0.012625000000000063 0.01822222222222223
1 0.42065625000000006 0.8042499999999999 0.010054687499999914 0.024902777777777867
1 0.43042187500000006 0.5920138888888888 0.01085937500000007 0.0196805555555555
1 0.6997109375 0.602 0.015367187500000056 0.021430555555555487
1 0.544921875 0.45269444444444445 0.0078125 0.0224444444444444
1 0.44360156249999994 0.37781944444444443 0.00912500000000005 0.01779166666666659
1 0.45874218750000006 0.250875 0.011875000000000035 0.01772222222222221
1 0.3876953125 0.34223611111111113 0.008812499999999978 0.014958333333333308
1 0.5095468750000001 0.7382083333333334 0.01125000000000007 0.019583333333333206
1 0.4775390625 0.45443055555555556 0.014453125 0.028055555555555618