1 0.6787109375 0.5616388888888889 0.010054687499999914 0.0209444444444445
1 0.7094765625 0.719625 0.012234375000000065 0.023236111111111138
1 0.20446875000000003 0.15766666666666665 0.016023437499999994 0.02862499999999998
1 0.47934374999999996 0.510625 0.008945312500000035 0.025222222222222177
1 0.620609375 0.17502777777777778 0.012968749999999928 0.02762500000000002
1 0.44360156249999994 0.6440972222222222 0.011640625000000071 0.023236111111111138
1 0.090578125 0.48480555555555555 0.020062500000000004 0.02045833333333336
1 0.486328125 0.16015277777777778 0.01478906250000005 0.035180555555555534
1 0.38671875 0.8684861111111111 0.006960937499999975 0.013013888888888738
1 0.6025390625 0.8915 0.009195312499999986 0.016805555555555428
1 0.8325234375000001 0.5251805555555555 0.019710937500000015 0.027944444444444452
0 0.48120312500000006 0.6506111111111111 0.004757812499999936 0.007374999999999924
1 0.26471093749999997 0.3065555555555556 0.015164062499999974 0.024791666666666698