1 0.456546875 0.25955555555555554 0.010328125000000021 0.024236111111111094
1 0.3447265625 0.5759583333333333 0.011203125000000026 0.0209444444444445
1 0.40453906249999994 0.20725 0.010906250000000029 0.025194444444444426
1 0.3855 0.5078194444444445 0.014671874999999978 0.026083333333333295
1 0.21484375 0.6545138888888888 0.013484374999999993 0.02013888888888889
1 0.2524453125 0.4418472222222222 0.011507812500000015 0.016930555555555633
1 0.3850078125 0.8463611111111111 0.013843750000000021 0.028152777777777752
1 0.43871874999999994 0.7521666666666665 0.011554687499999971 0.028375000000000088
1 0.5317421875 0.609375 0.013429687500000042 0.0244305555555556
1 0.5903359375 0.4431388888888889 0.01146875000000005 0.023777777777777783
1 0.3396015625 0.5125833333333334 0.015015625000000022 0.02862500000000002
1 0.43871874999999994 0.37651388888888887 0.007484374999999943 0.014680555555555625
0 0.33492968749999996 0.5208333333333334 0.004906249999999978 0.0088055555555556