1 0.4892578125 0.2649722222222222 0.010093750000000058 0.023416666666666686
1 0.2658671875 0.38845833333333335 0.012335937499999972 0.018361111111111147
1 0.4130859375 0.5047777777777778 0.015718749999999913 0.02762499999999998
1 0.3791484375 0.41948611111111106 0.010007812499999958 0.018152777777777847
1 0.3603515625 0.5690138888888889 0.012531249999999971 0.0209444444444445
1 0.43725781250000006 0.7417499999999999 0.010210937499999951 0.024902777777777867
1 0.5771484375 0.50825 0.011374999999999958 0.024805555555555574
1 0.4614296875 0.3841111111111111 0.011640625000000071 0.022347222222222265
1 0.21838281249999997 0.6349861111111111 0.013273437500000007 0.022708333333333365
1 0.49389843750000006 0.5911527777777777 0.013898437499999972 0.0262916666666666
1 0.41821093749999994 0.20790277777777777 0.008851562499999943 0.021847222222222247
0 0.2973671875 0.45443055555555556 0.004007812499999997 0.006597222222222222
1 0.3876953125 0.844625 0.009273437500000004 0.029166666666666667