1 0.534671875 0.27452777777777776 0.010132812500000022 0.022527777777777737
1 0.4765625 0.4522638888888889 0.015078124999999965 0.02509722222222229
0 0.46703906249999994 0.5217083333333333 0.0043828124999999215 0.00809722222222228
1 0.5009765625 0.6293472222222222 0.009015624999999972 0.01822222222222223
1 0.45629687499999994 0.25043055555555555 0.012570312499999936 0.025486111111111143
1 0.66015625 0.5859444444444445 0.011070312500000058 0.022347222222222265
1 0.521484375 0.47352777777777777 0.007484374999999943 0.020861111111111087
1 0.40234375 0.7808194444444445 0.0119140625 0.023777777777777627
1 0.5610390625 0.5646666666666667 0.00803124999999998 0.017597222222222167
1 0.437015625 0.413625 0.009632812499999944 0.014611111111111085
1 0.3654765625 0.3292083333333333 0.011781250000000031 0.020388888888888897
1 0.511234375 0.7213611111111111 0.006289062499999965 0.015013888888888813
1 0.4208984375 0.5933194444444444 0.008289062499999921 0.018722222222222248