1 0.14196875 0.48915277777777777 0.016984375000000006 0.02126388888888881
1 0.675296875 0.8046944444444445 0.01596093750000005 0.029055555555555657
1 0.405765625 0.719625 0.010249999999999915 0.01808333333333331
1 0.347171875 0.2665 0.009453125000000017 0.019083333333333345
1 0.550296875 0.4778611111111111 0.014117187499999951 0.02598611111111116
1 0.8671875 0.6888055555555556 0.0135859374999999 0.017527777777777784
0 0.8505859375 0.9557361111111111 0.004906250000000156 0.010388888888888914
1 0.6923828125 0.5616388888888889 0.016343750000000056 0.021513888888888902
1 0.6762734375 0.6241388888888889 0.013585937500000079 0.01945833333333332
1 0.9350625000000001 0.6467083333333333 0.022718749999999944 0.018583333333333327
1 0.5365703125 0.8235277777777779 0.00900781249999998 0.01927777777777793
1 0.8042031250000001 0.39475000000000005 0.019687499999999948 0.037347222222222205
1 0.8393046875 0.8556111111111111 0.021070312499999844 0.031833333333333436