1 0.7103203125 0.5579027777777777 0.011242187500000079 0.01923611111111114
1 0.15746875 0.48306944444444444 0.014554687499999996 0.01865277777777771
1 0.608890625 0.7605277777777778 0.00971093750000005 0.024069444444444345
1 0.6850625 0.48568055555555556 0.016023437499999994 0.0257777777777777
1 0.7758828125 0.7070277777777778 0.013843750000000021 0.022097222222222178
1 0.8310546875 0.9401111111111111 0.019273437500000056 0.02587500000000015
1 0.5083046875 0.5876805555555555 0.00929687500000007 0.02826388888888892
1 0.7192421875 0.55425 0.008882812499999915 0.012513888888888876
1 0.8520546875000001 0.5685833333333333 0.017242187500000127 0.01808333333333331
1 0.84690625 0.8955138888888888 0.016820312500000156 0.021611111111111036
1 0.3916015625 0.24327777777777776 0.009632812500000032 0.030083333333333368
1 0.9516640625000001 0.6245694444444444 0.017304687500000072 0.03518055555555561
0 0.802609375 0.7260416666666667 0.006085937499999972 0.011416666666666705