1 0.47803125 0.5165 0.008710937500000071 0.023499999999999945
0 0.475046875 0.5309444444444444 0.0043984375000000854 0.009722222222222222
1 0.44067187499999994 0.6454027777777778 0.008710937500000071 0.018722222222222248
1 0.6787109375 0.5607638888888888 0.010054687499999914 0.02415277777777776
1 0.20325000000000001 0.15516666666666667 0.0140625 0.022097222222222216
1 0.7099609375 0.7209166666666665 0.012101562500000006 0.026083333333333295
1 0.3896484375 0.8693611111111111 0.014835937500000007 0.023416666666666527
1 0.2646484375 0.27820833333333334 0.010328125000000021 0.022625000000000027
1 0.5986328125 0.8789027777777777 0.010734375000000008 0.022013888888888763
1 0.091859375 0.48177777777777775 0.01710156250000001 0.01829166666666661
1 0.62109375 0.1737222222222222 0.012671875000000022 0.026902777777777765
1 0.8266640625000001 0.5182361111111111 0.01698437499999983 0.026083333333333295
1 0.48803906250000006 0.1613472222222222 0.014453125 0.03827777777777776