1 0.110109375 0.45616666666666666 0.01710156249999999 0.01865277777777771
1 0.27490625 0.8502638888888889 0.0119140625 0.021750000000000113
1 0.38671875 0.5169305555555556 0.010406250000000039 0.019166666666666603
1 0.3383828125 0.5364583333333334 0.012671875000000022 0.020541666666666618
1 0.3754921875 0.25781944444444443 0.011875000000000035 0.029833333333333358
1 0.23596093749999997 0.22309722222222222 0.012921874999999972 0.01829166666666669
1 0.379640625 0.3925833333333334 0.013484374999999993 0.025
1 0.3063984375 0.4947916666666667 0.012726562499999972 0.016027777777777728
1 0.3168984375 0.586375 0.011960937499999958 0.01772222222222221
1 0.36059375 0.8020833333333334 0.012054687499999961 0.020611111111110997
1 0.293703125 0.6822916666666666 0.014554687499999996 0.022347222222222265
1 0.7543984375 0.5134583333333333 0.016281249999999935 0.026083333333333295
0 0.3119609375 0.5217777777777778 0.004398437499999996 0.008861111111111104