1 0.26768749999999997 0.36406944444444445 0.014734375000000011 0.019152777777777765
1 0.49878125000000006 0.26540277777777777 0.009859374999999915 0.025874999999999995
1 0.4267578125 0.21615277777777778 0.008617187499999979 0.021750000000000033
1 0.4853515625 0.5829027777777778 0.011687500000000028 0.019388888888888938
1 0.4189453125 0.49869444444444444 0.012867187500000021 0.028944444444444488
1 0.43823437500000006 0.7408888888888889 0.009273437499999915 0.022708333333333205
1 0.3864765625 0.4099444444444445 0.010570312499999979 0.015611111111111124
1 0.3669453125 0.5677083333333334 0.013429687500000042 0.02038888888888882
1 0.5751953125 0.532125 0.011203124999999935 0.020861111111111087
1 0.3864765625 0.8368055555555556 0.012148437499999965 0.028055555555555618
1 0.2243671875 0.6289027777777778 0.01785156250000002 0.02069444444444441
1 0.47339062500000006 0.390625 0.007968750000000035 0.021680555555555574
0 0.2785625 0.4099444444444445 0.004164062500000032 0.007374999999999924