1 0.12359374999999999 0.47352777777777777 0.013843750000000021 0.01779166666666659
1 0.43335156250000006 0.453125 0.012921874999999972 0.024236111111111173
1 0.4658203125 0.5308194444444444 0.011117187500000014 0.02315277777777772
1 0.315671875 0.8203194444444445 0.014554687499999996 0.029486111111111137
1 0.5390625 0.6788194444444444 0.01869531250000005 0.021680555555555574
1 0.421875 0.8320277777777777 0.009898437500000056 0.020944444444444342
1 0.5791015625 0.4441666666666667 0.019687500000000035 0.020250000000000056
1 0.47241406250000006 0.7369861111111111 0.014835937500000007 0.023875000000000077
1 0.5380859375 0.7847222222222222 0.016101562499999923 0.03252777777777788
1 0.2685546875 0.26345833333333335 0.012234374999999974 0.02126388888888889
1 0.813578125 0.5993333333333333 0.0205078125 0.02437499999999994
0 0.5460390625 0.7871944444444444 0.004007812500000085 0.007722222222222146
1 0.47971874999999997 0.2622083333333333 0.016031249999999986 0.032930555555555525