1 0.4418984375 0.6749166666666666 0.012570312499999936 0.03341666666666659
1 0.23107812499999997 0.22851388888888888 0.0177734375 0.038791666666666676
1 0.39867968749999994 0.8298611111111112 0.014062499999999955 0.034402777777777754
1 0.7680703125 0.5329861111111112 0.018906250000000034 0.02369444444444437
1 0.19653125 0.4199166666666666 0.017046875000000017 0.020069444444444508
1 0.3649921875 0.6783888888888889 0.010859374999999982 0.01945833333333332
1 0.160765625 0.8194444444444444 0.01317187500000001 0.02013888888888889
1 0.0386015625 0.5555555555555556 0.019757812499999992 0.018930555555555548
1 0.4536171875 0.31922222222222224 0.010132812500000022 0.026902777777777782
1 0.487796875 0.49869444444444444 0.009632812499999944 0.014888888888888927
1 0.40014843750000006 0.32508333333333334 0.015484374999999995 0.028944444444444408
0 0.104671875 0.6132777777777778 0.006343750000000004 0.012277777777777821
1 0.10834375 0.5945416666666666 0.023796874999999995 0.02315277777777772