1 0.537109375 0.273 0.0119140625 0.024902777777777788
1 0.505375 0.6085138888888889 0.007843749999999972 0.020541666666666618
1 0.4585 0.24740277777777778 0.012234375000000065 0.022875000000000038
1 0.4477578125 0.4411944444444445 0.009484375000000078 0.0209444444444445
1 0.5634765625 0.5629305555555556 0.008125000000000071 0.019083333333333345
1 0.35546875 0.387375 0.012531249999999971 0.028152777777777752
1 0.4848671875 0.6788194444444444 0.007429687499999993 0.01765277777777783
0 0.42504687499999994 0.6328194444444445 0.004085937500000014 0.008625000000000051
1 0.6474609375 0.5091111111111111 0.013328124999999958 0.021513888888888902
1 0.429203125 0.5438333333333334 0.010531250000000015 0.019013888888888966
1 0.40942187499999994 0.7599861111111111 0.007429687499999993 0.014111111111111225
1 0.4575234375 0.5334166666666667 0.010328125000000021 0.022527777777777817
1 0.47925000000000006 0.45052777777777775 0.014554687500000085 0.024333333333333308