1 0.526859375 0.22244444444444444 0.009929687500000029 0.029166666666666667
1 0.3981953125 0.5577222222222222 0.010648437499999996 0.02102777777777776
1 0.45288281250000006 0.8272638888888889 0.01049218750000005 0.02305555555555543
1 0.5009765625 0.4116805555555556 0.010570312499999979 0.022277777777777726
1 0.4985390625 0.7482638888888888 0.009273437499999915 0.02013888888888889
1 0.280515625 0.7434861111111111 0.014499999999999957 0.026194444444444305
1 0.5961953125 0.7191805555555555 0.013070312500000014 0.0272083333333333
1 0.46655468750000006 0.5347222222222222 0.011640625000000071 0.026902777777777782
1 0.4287109375 0.5941805555555556 0.008125000000000071 0.023236111111111138
1 0.362546875 0.2562916666666667 0.009859375000000004 0.015416666666666698
1 0.5830078125 0.4496527777777778 0.01085937500000007 0.022527777777777817
1 0.17578125 0.569875 0.01805468750000001 0.020305555555555563
0 0.57178125 0.4424861111111111 0.004828125000000049 0.009180555555555574