1 0.6372109375 0.5355972222222222 0.013218750000000057 0.022097222222222178
1 0.626953125 0.26302777777777775 0.010734375000000008 0.026194444444444465
1 0.48046875 0.3995277777777778 0.012382812499999929 0.026083333333333295
1 0.43921093750000006 0.5455694444444444 0.011289062500000035 0.02159722222222216
1 0.5668984375 0.6358472222222222 0.01548437499999995 0.023055555555555586
1 0.521 0.708763888888889 0.00971093750000005 0.027111111111111166
1 0.48999218750000006 0.32095833333333335 0.009085937500000085 0.020944444444444422
1 0.4521484375 0.2484861111111111 0.007874999999999943 0.017458333333333322
1 0.46655468750000006 0.8402777777777778 0.011117187500000014 0.02262499999999995
1 0.47680468749999994 0.4583333333333333 0.009562500000000007 0.024236111111111173
1 0.39553906250000004 0.34884722222222225 0.011984375000000025 0.02084722222222225
1 0.7563515625 0.5577222222222222 0.013898437499999972 0.016486111111111118
0 0.5610859375 0.6413194444444444 0.0046718750000000146 0.009388888888888875