1 0.710453125 0.5591944444444444 0.011203124999999935 0.017597222222222167
1 0.8559609375000001 0.5599027777777777 0.019867187499999873 0.019166666666666603
1 0.5029296875 0.6037361111111111 0.009781249999999986 0.0228055555555555
1 0.7607421875 0.7382777777777777 0.015898437499999928 0.024805555555555418
1 0.6708984375 0.4947916666666667 0.018585937499999972 0.028486111111111097
0 0.8212890625 0.8233472222222221 0.004296875 0.009027777777777777
1 0.9482421875 0.6315138888888889 0.02284374999999983 0.01865277777777771
1 0.3908671875 0.24393055555555554 0.009164062500000014 0.014611111111111085
1 0.1567421875 0.48480555555555555 0.01692187500000002 0.019013888888888966
1 0.857421875 0.9019166666666667 0.014554687500000085 0.02443055555555544
1 0.845703125 0.9427083333333334 0.01210156249999983 0.024708333333333284
1 0.60078125 0.7543472222222222 0.011281250000000043 0.02155555555555553
1 0.7211796875 0.5565138888888889 0.009835937499999937 0.013472222222222285