1 0.4580078125 0.245875 0.013070312500000014 0.02350000000000002
1 0.47729687500000006 0.4466111111111111 0.014554687500000085 0.02509722222222229
1 0.52734375 0.2662777777777778 0.012625000000000063 0.026583333333333313
1 0.347171875 0.38629166666666664 0.013687499999999986 0.028722222222222153
1 0.5615234375 0.5581666666666667 0.009015624999999972 0.02461111111111115
1 0.43481249999999994 0.5690138888888889 0.011593749999999936 0.02333333333333327
1 0.4975625 0.6106805555555556 0.013687499999999986 0.01772222222222221
1 0.48022656250000006 0.6783888888888889 0.009414062499999964 0.018361111111111147
1 0.386234375 0.7599861111111111 0.015078124999999965 0.022708333333333205
0 0.383546875 0.7361111111111112 0.004351562500000039 0.0078750000000001
1 0.644640625 0.4879583333333333 0.013132812499999957 0.022749999999999992
1 0.4204140625 0.5425416666666667 0.010945312499999993 0.013472222222222285
1 0.4455234375 0.4459027777777778 0.014484374999999971 0.011763888888888926