1 0.083859375 0.5186666666666666 0.018234375000000004 0.019166666666666603
1 0.4379921875 0.6822916666666666 0.010367187499999986 0.022097222222222178
1 0.4965859375 0.21744444444444444 0.0140625 0.032416666666666635
1 0.2602578125 0.4008194444444444 0.014953124999999989 0.02862500000000002
1 0.22082812500000001 0.20941666666666667 0.014499999999999957 0.025694444444444443
1 0.358890625 0.8550416666666667 0.012624999999999975 0.027944444444444293
1 0.7963906249999999 0.5599027777777777 0.01847656249999998 0.023597222222222235
0 0.5302734375 0.8467916666666667 0.004867187500000014 0.008388888888888838
1 0.654296875 0.5607638888888888 0.009742187500000022 0.017875000000000005
1 0.6220703125 0.7586805555555556 0.011242187500000079 0.03518055555555545
1 0.6015625 0.2788611111111111 0.0119140625 0.026194444444444465
1 0.47534375000000006 0.4134166666666667 0.008953125000000029 0.019847222222222172
1 0.5463828125 0.8665 0.011164062499999971 0.018972222222222335