1 0.20373437499999997 0.5594583333333334 0.01634374999999999 0.019986111111111093
1 0.42797656249999994 0.6276111111111111 0.01205468750000005 0.02126388888888881
1 0.5595703125 0.6675416666666667 0.009375 0.02773611111111115
1 0.4677734375 0.43901388888888887 0.008546875000000042 0.022347222222222265
1 0.2724609375 0.7274305555555556 0.009781249999999986 0.01991666666666655
1 0.5102578125 0.26280555555555557 0.011554687499999971 0.023597222222222235
1 0.3896484375 0.5815972222222222 0.010007812499999958 0.02201388888888892
1 0.43896875 0.8567777777777777 0.008093749999999922 0.021111111111111174
1 0.5756875 0.44922222222222224 0.008984375 0.024055555555555625
1 0.45239062499999994 0.5429722222222222 0.014953125000000077 0.027944444444444452
1 0.37109375 0.25955555555555554 0.011734374999999986 0.02461111111111115
1 0.4536171875 0.7690972222222222 0.007203125000000021 0.017194444444444595
0 0.5161171875 0.48480555555555555 0.005914062499999951 0.013624999999999924