1 0.23181250000000003 0.21451388888888887 0.014499999999999957 0.03065277777777777
1 0.44995312500000006 0.8810833333333333 0.013023437500000058 0.029624999999999898
1 0.2314453125 0.8350694444444444 0.01317187500000001 0.01843055555555553
1 0.395265625 0.7339444444444445 0.009632812500000032 0.025291666666666716
1 0.19128125 0.5473055555555556 0.017242187499999995 0.01686111111111109
1 0.4829140625 0.6888055555555556 0.008640624999999957 0.019166666666666603
0 0.2615546875 0.7754444444444445 0.0047890624999999964 0.009388888888888875
1 0.5029296875 0.34093055555555557 0.012429687500000064 0.025
1 0.0704375 0.5221388888888889 0.017718750000000005 0.022875000000000038
1 0.44164843749999994 0.3012222222222222 0.01646093749999995 0.03065277777777777
1 0.22066406249999998 0.41709722222222223 0.015664062499999964 0.016222222222222152
1 0.8160390625 0.54325 0.02410156249999993 0.018069444444444433
1 0.5406484375 0.4890555555555556 0.013117187499999971 0.02648611111111118