1 0.593265625 0.7760416666666666 0.007906249999999915 0.026083333333333295
1 0.8491250000000001 0.9444444444444444 0.018648437499999913 0.040527777777777864
0 0.841796875 0.9288194444444444 0.0048281249999998724 0.008958333333333396
1 0.65234375 0.5017361111111112 0.016843749999999956 0.030763888888888858
1 0.7255859375 0.5594583333333334 0.015015625000000022 0.019986111111111093
1 0.75146875 0.7595555555555555 0.0177734375 0.021847222222222247
1 0.86328125 0.538625 0.017437500000000127 0.025694444444444443
1 0.4931640625 0.6276111111111111 0.010210937499999951 0.02126388888888881
1 0.3942890625 0.25 0.0078125 0.012458333333333372
1 0.7133828125 0.5677083333333334 0.011554687499999971 0.02102777777777776
1 0.15490625 0.48480555555555555 0.01317187500000001 0.018013888888888926
1 0.9483593750000001 0.6325416666666667 0.0231328125000001 0.018583333333333327
1 0.8704375000000001 0.8695833333333334 0.015687499999999945 0.03122222222222225