1 0.7270546875 0.7986111111111112 0.017179687500000006 0.023597222222222235
1 0.45385937500000006 0.6840277777777778 0.011289062500000035 0.0209444444444445
1 0.5922890625 0.49219444444444443 0.016843749999999956 0.02538888888888885
1 0.380859375 0.2682361111111111 0.010859374999999982 0.026291666666666675
1 0.583984375 0.8233472222222221 0.009562500000000007 0.028722222222222312
1 0.8579140625000001 0.4801111111111111 0.018617187499999945 0.020638888888888908
1 0.89453125 0.8081666666666667 0.017242187500000127 0.024902777777777867
1 0.1560078125 0.48654166666666665 0.017242187499999995 0.021847222222222247
1 0.9516640625000001 0.6362916666666667 0.0229375000000001 0.016930555555555633
1 0.749515625 0.5568611111111111 0.011070312500000058 0.016930555555555633
0 0.8583984375 0.9409722222222222 0.005382812499999901 0.008722222222222185
1 0.697265625 0.6471388888888889 0.012625000000000063 0.018930555555555548
1 0.8681640625 0.9652777777777778 0.012828125000000056 0.03159722222222222