1 0.390140625 0.26584722222222223 0.012148437499999965 0.02752777777777777
1 0.5835 0.8159722222222222 0.007203125000000021 0.019236111111110985
1 0.7373046875 0.7886249999999999 0.012484375000000015 0.021750000000000113
1 0.7412109375 0.5564305555555555 0.0140625 0.02045833333333336
1 0.611328125 0.5052083333333334 0.016281249999999935 0.029166666666666667
1 0.46996874999999994 0.6666666666666666 0.010820312499999929 0.021680555555555574
1 0.8642578125 0.4982638888888889 0.018343750000000013 0.01991666666666671
1 0.6977578125 0.632375 0.012289062500000014 0.019763888888888914
1 0.1547890625 0.48306944444444444 0.014835937500000007 0.02045833333333336
1 0.9526406250000001 0.6362916666666667 0.026000000000000155 0.01886111111111117
0 0.8481484375000001 0.9349027777777777 0.004945312499999943 0.008458333333333219
1 0.8559609375000001 0.9574722222222222 0.017578125 0.02443055555555544
1 0.8893203125 0.827125 0.01819531249999997 0.02290277777777779