1 0.0733046875 0.5112916666666667 0.018695312500000005 0.02201388888888892
0 0.4126015625 0.7013888888888888 0.0046640625000000215 0.008680555555555556
1 0.2526875 0.38954166666666673 0.013742187500000025 0.021111111111111174
1 0.5922890625 0.5190972222222222 0.013742187499999937 0.020861111111111087
1 0.4169921875 0.6905416666666666 0.013273437500000007 0.03540277777777779
1 0.23400781249999997 0.21669444444444447 0.013687499999999986 0.030763888888888858
1 0.23132031249999999 0.4913194444444444 0.01791406249999996 0.022708333333333365
1 0.519046875 0.6649305555555556 0.009164062500000014 0.02038888888888882
1 0.548828125 0.32595833333333335 0.008187500000000014 0.024902777777777788
1 0.79053125 0.5512222222222222 0.019687500000000035 0.02262499999999995
1 0.28784375 0.8394166666666667 0.012335937499999972 0.02262499999999995
1 0.46508593749999994 0.27518055555555554 0.017101562500000077 0.05113888888888888
1 0.48288281250000004 0.8700138888888889 0.013820312500000043 0.029916666666666616