1 0.741703125 0.5607638888888888 0.015835937499999987 0.021180555555555557
1 0.7060546875 0.8094583333333333 0.01646093749999995 0.03616666666666662
1 0.5766640625 0.48654166666666665 0.014390625000000056 0.02262499999999995
1 0.5688515625 0.8224861111111111 0.007093749999999943 0.011986111111111263
1 0.1545390625 0.48741666666666666 0.01887500000000002 0.017597222222222167
1 0.3715859375 0.27973611111111113 0.014499999999999957 0.04234722222222224
1 0.6982421875 0.6514722222222222 0.01085937500000007 0.019847222222222172
1 0.8911171875000001 0.7773472222222223 0.015835937499999987 0.0332361111111112
1 0.8432656250000001 0.4557361111111111 0.016843749999999956 0.023875000000000077
1 0.4362265625 0.7009722222222223 0.013218750000000057 0.026402777777777844
1 0.951171875 0.6362916666666667 0.027437499999999913 0.017458333333333402
1 0.8681640625 0.953125 0.02140625000000007 0.026805555555555492
0 0.8598671875000001 0.9461805555555556 0.0053671874999999146 0.009986111111111187