1 0.475000 0.845833 0.010937 0.016667
1 0.442969 0.454167 0.012500 0.022222
1 0.755859 0.543056 0.013281 0.022222
1 0.528516 0.700000 0.008594 0.019444
1 0.395703 0.346528 0.010156 0.020833
1 0.426953 0.532639 0.008594 0.020833
1 0.577344 0.627778 0.006250 0.019444
1 0.487109 0.394444 0.013281 0.022222
1 0.44765625 0.24861111111111112 0.009375 0.019444444444444445
1 0.498437 0.312500 0.007812 0.019444
1 0.638281 0.540972 0.010938 0.015278
1 0.632812 0.253472 0.009375 0.023611
0 0.497656 0.555556 0.003125 0.008333