0 0.47485156249999994 0.5308194444444444 0.005937499999999929 0.014958333333333308
1 0.44067187499999994 0.6462638888888889 0.008812499999999978 0.019527777777777703
1 0.679203125 0.5607638888888888 0.009414062499999964 0.024236111111111173
1 0.389890625 0.8697916666666666 0.014835937500000007 0.023236111111111138
1 0.203125 0.15516666666666667 0.015539062499999989 0.023236111111111096
1 0.7099609375 0.7204861111111112 0.0119140625 0.02538888888888885
1 0.09125000000000001 0.48220833333333335 0.018125000000000002 0.01779166666666659
1 0.478796875 0.5171805555555555 0.010726562500000014 0.021930555555555505
1 0.599609375 0.8784722222222222 0.008851562499999943 0.01879166666666663
1 0.62109375 0.1737222222222222 0.012921874999999972 0.026374999999999992
1 0.4853515625 0.15766666666666665 0.0154296875 0.03719444444444445
1 0.8286171875000001 0.5186666666666666 0.01483593749999983 0.026375000000000013
1 0.2661171875 0.28320833333333334 0.015601562500000022 0.02826388888888892