1 0.125609375 0.48133333333333334 0.013125000000000008 0.019388888888888938
1 0.36596875 0.7387222222222222 0.010289062499999968 0.018652777777777865
1 0.3186015625 0.2749583333333333 0.013273437500000007 0.027944444444444452
1 0.5102578125 0.46615277777777775 0.012101562500000006 0.028055555555555618
1 0.6274453125 0.7964444444444445 0.012867187500000021 0.02452777777777789
1 0.6435546875 0.6215277777777778 0.009195312499999986 0.02045833333333336
1 0.498046875 0.8164027777777777 0.011554687499999971 0.014222222222222235
1 0.7099609375 0.33594444444444443 0.01489843749999995 0.02773611111111115
1 0.7958984375 0.5494861111111111 0.01411718750000004 0.02369444444444437
1 0.8916015625 0.5772638888888889 0.018507812500000043 0.03204166666666674
0 0.79834375 0.7170138888888888 0.00385156250000005 0.007527777777777879
1 0.7734375 0.5455694444444444 0.0067968750000000355 0.02461111111111115
1 0.600234375 0.5423888888888888 0.017210937499999978 0.018986111111111054