1 0.453516 0.818750 0.008594 0.023611
1 0.169531 0.564583 0.014063 0.015278
1 0.599219 0.710417 0.014062 0.018056
1 0.361328 0.262500 0.016406 0.019444
1 0.500000 0.750000 0.009375 0.022222
1 0.280859 0.743056 0.011719 0.025000
1 0.494922 0.407639 0.008594 0.018056
1 0.430469 0.603472 0.009375 0.020833
1 0.526953125 0.21597222222222223 0.01015625 0.02638888888888889
1 0.466406 0.536111 0.010937 0.025000
1 0.396484 0.546528 0.008594 0.023611
0 0.567578 0.443056 0.003906 0.008333
1 0.5796875 0.44513888888888886 0.009375 0.02361111111111111