1 0.1623515625 0.48525 0.01672656250000002 0.020305555555555563
1 0.7251015625 0.5451388888888888 0.013218750000000057 0.01700000000000001
1 0.7744140625 0.6493055555555556 0.015367187500000056 0.02201388888888892
1 0.53271875 0.5021666666666667 0.008953125000000029 0.017944444444444388
1 0.6508828125 0.7580972222222223 0.01235937499999995 0.01963888888888903
1 0.6943359375 0.5481805555555556 0.013273437500000007 0.02069444444444441
1 0.40160937499999994 0.2506527777777778 0.007039062499999993 0.018361111111111147
1 0.745609375 0.4618055555555556 0.017179687500000006 0.03420833333333333
1 0.8382109375000001 0.8006527777777778 0.015828125000000172 0.022013888888888763
1 0.8512578124999999 0.5291666666666667 0.018718750000000027 0.030861111111111148
1 0.7758828125 0.92275 0.016843749999999956 0.022875000000000038
1 0.9418984375000001 0.5486111111111112 0.020570312499999945 0.020305555555555563
0 0.750171875 0.47548611111111116 0.004234375000000057 0.010291666666666623