1 0.43871874999999994 0.5177916666666667 0.010570312499999979 0.01850000000000007
1 0.0439453125 0.5420972222222222 0.024570312499999997 0.023875000000000077
1 0.23034374999999999 0.2221111111111111 0.01634374999999997 0.026999999999999996
1 0.3752421875 0.3741388888888889 0.016843749999999956 0.027208333333333376
1 0.2251015625 0.4496527777777778 0.01652343749999998 0.021430555555555487
1 0.33740625 0.6423611111111112 0.011734374999999986 0.019527777777777703
0 0.1682109375 0.6341111111111111 0.004609374999999982 0.00848611111111113
1 0.41918749999999994 0.375875 0.011828125000000078 0.03184722222222215
1 0.1994609375 0.8624166666666667 0.016023437499999994 0.022875000000000038
1 0.154421875 0.6662361111111111 0.018265624999999997 0.02333333333333327
1 0.3466796875 0.8129305555555555 0.011421875000000003 0.017194444444444595
1 0.7314140625000001 0.5520277777777778 0.01617968750000003 0.024625000000000025
1 0.3655859375 0.674875 0.015664062499999964 0.01886111111111117