1 0.8623046875 0.4947916666666667 0.0177734375 0.020069444444444508
1 0.607421875 0.5039027777777778 0.013796875000000064 0.02731944444444439
1 0.1553984375 0.4887222222222222 0.019710937500000015 0.026194444444444465
1 0.4653359375 0.6697083333333333 0.007726562500000078 0.016097222222222266
1 0.73584375 0.7877638888888889 0.012429687500000064 0.025291666666666716
1 0.8916015625 0.8229166666666666 0.018617187499999945 0.02262499999999995
1 0.9521484375 0.6367222222222222 0.026156250000000013 0.017944444444444388
1 0.387453125 0.26237499999999997 0.009562500000000007 0.021930555555555585
1 0.69678125 0.6362916666666667 0.012921874999999972 0.017125000000000057
1 0.8579140625000001 0.9548611111111112 0.01893749999999983 0.040611111111111126
0 0.8505859375 0.9366388888888889 0.0048281249999998724 0.008680555555555556
1 0.7421875 0.5533888888888889 0.014226562500000029 0.015541666666666742
1 0.5832890625 0.8177638888888888 0.010382812499999972 0.02570833333333332