1 0.51709375 0.26237499999999997 0.010132812500000022 0.025874999999999995
0 0.4965859375 0.42275 0.004250000000000043 0.008819444444444475
1 0.4599609375 0.7690972222222222 0.012234375000000065 0.03113888888888899
1 0.4326171875 0.6197916666666666 0.010648437500000085 0.01765277777777783
1 0.479984375 0.41601388888888885 0.0078125 0.029374999999999967
1 0.562015625 0.671875 0.009273437499999915 0.02159722222222216
1 0.3891640625 0.5829027777777778 0.00948437499999999 0.02538888888888885
1 0.5791015625 0.4479166666666667 0.013742187499999937 0.01843055555555553
1 0.271484375 0.7261249999999999 0.01182812499999999 0.019236111111110985
1 0.19653125 0.5651111111111111 0.013124999999999987 0.01779166666666659
1 0.4575234375 0.538625 0.013328124999999958 0.02773611111111115
1 0.44360156249999994 0.8676250000000001 0.010093750000000058 0.03697222222222207
1 0.36865625 0.25890277777777776 0.010367187499999986 0.01455555555555558