1 0.0720859375 0.5134583333333333 0.018023437499999996 0.021180555555555557
1 0.23303124999999997 0.48568055555555556 0.015671874999999957 0.020611111111111156
1 0.29053125 0.8428888888888889 0.0140625 0.0323333333333333
1 0.4663125 0.26411111111111113 0.0154296875 0.034319444444444416
1 0.599125 0.5195277777777778 0.009054687499999936 0.01865277777777771
1 0.5517578125 0.3218333333333333 0.012234375000000065 0.024055555555555545
1 0.233890625 0.21647222222222223 0.0140625 0.03054166666666668
1 0.4184609375 0.6790416666666667 0.012101562500000006 0.02513888888888892
1 0.5244140625 0.6658055555555555 0.014390625000000056 0.020305555555555563
1 0.258546875 0.390625 0.013796874999999976 0.023777777777777783
1 0.4848671875 0.8628472222222222 0.007257812499999972 0.02013888888888889
1 0.7890625 0.5486111111111112 0.017101562500000077 0.02201388888888892
0 0.41515625 0.6989722222222222 0.006179687500000064 0.010069444444444445