1 0.4516640625 0.5907083333333334 0.01049218750000005 0.0196805555555555
1 0.4541015625 0.35786111111111113 0.009601562499999971 0.020222222222222187
1 0.511234375 0.7222222222222222 0.008546875000000042 0.02077777777777783
1 0.5835 0.2552083333333333 0.008312500000000079 0.021930555555555585
1 0.5380859375 0.4461805555555556 0.013328124999999958 0.029944444444444367
1 0.599125 0.5342916666666666 0.013124999999999965 0.021749999999999957
1 0.397703125 0.3472222222222222 0.010492187499999962 0.020777777777777787
1 0.4375 0.8099027777777777 0.010734375000000008 0.02333333333333327
1 0.521 0.6588611111111111 0.010734375000000008 0.025
1 0.724609375 0.5998333333333333 0.012773437499999929 0.022194444444444468
1 0.47827343750000006 0.4466111111111111 0.014554687500000085 0.024902777777777708
1 0.46117968749999994 0.24913888888888888 0.010453125000000086 0.014611111111111085
0 0.5180703125 0.6423611111111112 0.00435156249999995 0.008388888888888838