1 0.5791015625 0.6297777777777778 0.007578125000000035 0.022097222222222178
1 0.6337890625 0.2506527777777778 0.009742187500000022 0.026999999999999996
1 0.48999218750000006 0.3940972222222222 0.013328124999999958 0.02648611111111118
1 0.4340859375 0.45052777777777775 0.007515624999999915 0.01865277777777771
1 0.638671875 0.5451388888888888 0.015539062500000079 0.019611111111111117
1 0.50146875 0.3148888888888889 0.013218750000000057 0.028375000000000008
1 0.42651562500000006 0.5277777777777778 0.007124999999999914 0.022277777777777726
1 0.44750781249999994 0.24869444444444444 0.009671875000000085 0.019388888888888862
1 0.759765625 0.5399305555555556 0.012726562499999972 0.021680555555555574
1 0.47827343750000006 0.8533055555555555 0.010820312499999929 0.032222222222222284
0 0.47387499999999994 0.5247361111111111 0.004250000000000043 0.007124999999999993
1 0.399171875 0.34331944444444445 0.009898437499999968 0.015791666666666673
1 0.5309140625000001 0.7046527777777778 0.013179687499999915 0.014624999999999963