1 0.46508593749999994 0.6297777777777778 0.00971093750000005 0.01945833333333332
1 0.45190625000000006 0.47656944444444443 0.015539062500000079 0.027944444444444452
1 0.4052734375 0.4424861111111111 0.009234374999999951 0.01822222222222223
1 0.6123046875 0.532125 0.010171874999999986 0.022277777777777726
0 0.35303125 0.5720555555555555 0.004164062500000032 0.008361111111111087
1 0.525390625 0.4982638888888889 0.010093750000000058 0.021111111111111174
1 0.4873046875 0.28168055555555555 0.008851562499999943 0.01991666666666663
1 0.308109375 0.34744444444444444 0.00948437499999999 0.01573611111111109
1 0.45459375 0.22808333333333333 0.009929687500000029 0.02452777777777781
1 0.3811015625 0.5594583333333334 0.011328125 0.018152777777777847
1 0.4501953125 0.7092083333333333 0.006671874999999971 0.016805555555555508
1 0.3774453125 0.7222222222222222 0.012726562499999972 0.029624999999999978
1 0.322265625 0.617625 0.011687500000000028 0.015791666666666673