1 0.1254921875 0.4743888888888889 0.013531249999999995 0.020611111111111156
1 0.44800000000000006 0.8359444444444445 0.010367187499999986 0.029736111111111223
1 0.49340624999999994 0.5217083333333333 0.015898437499999928 0.02069444444444441
1 0.284671875 0.2777777777777778 0.016726562499999976 0.03870833333333334
1 0.45678906250000006 0.46094444444444443 0.012625000000000063 0.024708333333333284
1 0.5825234375 0.7638888888888888 0.013273437500000007 0.026902777777777626
1 0.8471718750000001 0.5664027777777778 0.0154296875 0.029263888888888957
1 0.6293984375 0.6888055555555556 0.01652343750000007 0.022097222222222178
1 0.3291015625 0.7990416666666665 0.012726562499999972 0.029166666666666667
1 0.685546875 0.43511111111111106 0.011070312500000058 0.021847222222222247
0 0.679203125 0.5091111111111111 0.0037499999999999643 0.008291666666666704
1 0.5546875 0.29144444444444445 0.016664062499999945 0.02538888888888893
1 0.534671875 0.7217916666666667 0.013218750000000057 0.017527777777777625