1 0.52490625 0.20084722222222223 0.008476562499999929 0.027430555555555555
1 0.43359375 0.40018055555555554 0.007874999999999943 0.01731944444444448
1 0.3969765625 0.5434027777777778 0.009453124999999974 0.016152777777777773
1 0.599609375 0.36697222222222226 0.010210937499999951 0.025
1 0.593265625 0.6853333333333333 0.010609374999999944 0.02045833333333336
1 0.4223671875 0.6059027777777778 0.009859374999999915 0.016597222222222284
1 0.4887734375 0.7547777777777779 0.009335937500000035 0.024902777777777867
1 0.42504687499999994 0.7495694444444445 0.011593749999999936 0.03090277777777778
1 0.48046875 0.48741666666666666 0.013273437500000007 0.02762499999999998
1 0.1319609375 0.5364583333333334 0.013687499999999986 0.01945833333333332
1 0.257328125 0.7157083333333333 0.013843750000000021 0.0257777777777777
0 0.37646875 0.17602777777777778 0.006460937499999986 0.011166666666666656
1 0.370609375 0.15483333333333335 0.00948437499999999 0.01427777777777778