1 0.718265625 0.5533888888888889 0.008257812499999951 0.01416666666666673
1 0.389890625 0.24305555555555555 0.010609375000000032 0.027944444444444452
1 0.7099609375 0.5590277777777778 0.012625000000000063 0.021180555555555557
1 0.61475 0.7547777777777779 0.01085937500000007 0.01879166666666663
1 0.8413125000000001 0.8797777777777779 0.017046875000000128 0.024708333333333284
1 0.783203125 0.688375 0.015015625000000022 0.01829166666666661
1 0.8515625 0.5677083333333334 0.016843749999999956 0.018583333333333327
1 0.155515625 0.48220833333333335 0.012531250000000016 0.017597222222222167
1 0.5122109375 0.5668472222222222 0.008953125000000029 0.024902777777777708
1 0.8217812500000001 0.9349027777777777 0.017718749999999873 0.022277777777777726
1 0.69140625 0.4809027777777778 0.018796874999999956 0.025291666666666716
0 0.7915078125 0.6666666666666666 0.004867187500000014 0.00855555555555551
1 0.94921875 0.6072083333333333 0.018265625000000084 0.047749999999999994