1 0.39770312500000005 0.5599027777777777 0.009968750000000037 0.019527777777777703
1 0.45239062499999994 0.8324722222222222 0.009273437499999915 0.021847222222222247
1 0.526859375 0.22461111111111112 0.010007812499999958 0.029944444444444447
1 0.50146875 0.4127638888888889 0.009671875000000085 0.026194444444444465
1 0.4965859375 0.7474027777777777 0.010132812500000022 0.024055555555555466
1 0.42797656249999994 0.5928888888888889 0.00806249999999995 0.022194444444444468
1 0.176515625 0.5677083333333334 0.015367187500000013 0.01700000000000001
1 0.46606249999999994 0.5347222222222222 0.0119140625 0.026694444444444482
1 0.593265625 0.7065972222222222 0.009054687499999936 0.01731944444444448
0 0.57421875 0.4418472222222222 0.004414062500000071 0.008819444444444475
1 0.5849609375 0.45052777777777775 0.010007812499999958 0.024805555555555574
1 0.2796328125 0.7303611111111111 0.014515625000000032 0.02329166666666664
1 0.364453125 0.2582777777777778 0.014664062499999986 0.03269444444444447