1 0.507328125 0.31054166666666666 0.010531250000000015 0.02369444444444445
1 0.5786171875 0.6310833333333333 0.010171874999999986 0.02297222222222217
1 0.49487500000000006 0.3958333333333333 0.013218750000000057 0.028944444444444488
1 0.482421875 0.8563333333333333 0.011164062499999971 0.026694444444444482
1 0.6450234375 0.5503472222222222 0.012671875000000022 0.02201388888888892
1 0.41796875 0.444875 0.010906250000000029 0.029833333333333358
1 0.40210156250000006 0.3428888888888889 0.01159374999999998 0.02280555555555558
1 0.4477578125 0.25043055555555555 0.010367187499999986 0.023416666666666686
1 0.7602578125 0.5364583333333334 0.014226562500000029 0.021680555555555574
1 0.537109375 0.708763888888889 0.008851562499999943 0.024708333333333363
1 0.4282265625 0.5264722222222222 0.011289062500000035 0.025694444444444443
1 0.6337890625 0.24804166666666666 0.009484375000000078 0.02826388888888892
0 0.420515625 0.4573611111111111 0.005187500000000078 0.01068055555555563