1 0.3936484375 0.25983333333333336 0.013242187500000035 0.02379166666666666
1 0.849609375 0.9453194444444445 0.018648437499999913 0.0398472222222223
0 0.8427734375 0.9305555555555556 0.005242187500000028 0.008958333333333396
1 0.9482421875 0.6315138888888889 0.022367187500000087 0.017263888888888818
1 0.7041015625 0.6076388888888888 0.012101562500000006 0.026194444444444465
1 0.7412109375 0.7803888888888889 0.016343750000000056 0.022013888888888763
1 0.8813515625000001 0.8350694444444444 0.017242187500000127 0.026291666666666755
1 0.47680468749999994 0.6549444444444444 0.008312500000000079 0.017125000000000057
1 0.733890625 0.5538194444444444 0.009484375000000078 0.015541666666666742
1 0.625 0.5056388888888889 0.01908593750000005 0.027861111111111034
1 0.8667031250000001 0.5060833333333333 0.015015624999999843 0.021513888888888902
1 0.154296875 0.48177777777777775 0.016585937500000016 0.01991666666666671
1 0.5844765625 0.8068611111111111 0.007289062499999943 0.024152777777777915