1 0.2876015625 0.8411527777777777 0.011640624999999983 0.02244444444444456
0 0.44555468749999994 0.7803888888888889 0.004070312500000029 0.007763888888888775
1 0.3725625 0.6896666666666667 0.013273437500000007 0.022097222222222178
1 0.40210156250000006 0.23568055555555556 0.010249999999999959 0.025694444444444443
1 0.431796875 0.469875 0.014460937499999993 0.019333333333333275
1 0.2482890625 0.24154166666666665 0.015781250000000035 0.023777777777777783
1 0.41284375000000006 0.6184861111111111 0.019164062499999978 0.019611111111111117
1 0.399578125 0.4340833333333334 0.013867187500000044 0.025513888888888895
1 0.1238984375 0.4752638888888889 0.014281250000000023 0.02038888888888882
1 0.43684375 0.7677222222222222 0.01459375000000005 0.02202777777777764
1 0.7744140625 0.5642361111111112 0.01724218749999995 0.021180555555555557
1 0.3928203125 0.8077222222222221 0.009898437499999968 0.020388888888888977
1 0.420578125 0.5199722222222222 0.010312500000000035 0.013680555555555586