1 0.23547656250000001 0.22395833333333334 0.01395312500000001 0.017458333333333322
1 0.395265625 0.5169305555555556 0.010820312500000017 0.02201388888888892
1 0.3681640625 0.7925416666666667 0.010570312499999979 0.02262499999999995
1 0.336671875 0.688375 0.01861718750000003 0.026375000000000013
1 0.3833046875 0.40473611111111113 0.013585937499999989 0.02013888888888889
1 0.3435078125 0.4965277777777778 0.010695312500000043 0.020222222222222145
1 0.3466796875 0.5585972222222222 0.010695312500000043 0.023416666666666686
1 0.3759765625 0.24479166666666666 0.013843750000000021 0.02926388888888888
1 0.1163359375 0.4635416666666667 0.01652343749999998 0.018152777777777847
1 0.2758828125 0.8489583333333334 0.01182812499999999 0.028263888888888762
0 0.3571796875 0.6818611111111111 0.0060703124999999854 0.013680555555555586
1 0.3146953125 0.5928888888888889 0.011117187500000014 0.026694444444444482
1 0.7543984375 0.5151944444444444 0.018234374999999935 0.02077777777777783