1 0.40210156250000006 0.7213611111111111 0.0119140625 0.018499999999999912
0 0.8466796875 0.9427083333333334 0.005531249999999943 0.009611111111111213
1 0.5322265625 0.8224861111111111 0.01548437499999995 0.029624999999999898
1 0.546875 0.477 0.013898437499999972 0.026194444444444465
1 0.34375 0.26758333333333334 0.009562500000000007 0.01952777777777778
1 0.6723671875 0.8042499999999999 0.0119140625 0.02262499999999995
1 0.8601484375 0.6716111111111112 0.01813281250000003 0.0216666666666667
1 0.6879921875 0.5568611111111111 0.013328124999999958 0.023416666666666686
1 0.673828125 0.6224027777777777 0.011875000000000035 0.01808333333333331
1 0.8349609375 0.8307361111111111 0.015835937499999987 0.0292638888888888
1 0.1411171875 0.48915277777777777 0.018374999999999985 0.02013888888888889
1 0.9345703125 0.6458333333333334 0.017851562499999928 0.016347222222222197
1 0.796875 0.3834583333333333 0.015078125000000053 0.02333333333333327