1 0.5361328125 0.6658055555555555 0.009414062499999964 0.017458333333333402
1 0.4536171875 0.5811666666666666 0.009968749999999993 0.021180555555555557
1 0.5126953125 0.7170138888888888 0.00912500000000005 0.019527777777777703
1 0.5283203125 0.4574722222222222 0.010171874999999986 0.023875000000000077
0 0.526859375 0.6471388888888889 0.004773437499999922 0.008458333333333377
1 0.444828125 0.8207500000000001 0.010210937499999951 0.026694444444444482
1 0.7319375 0.5993888888888889 0.015249999999999986 0.03616666666666662
1 0.46240625 0.34852777777777777 0.01146875000000005 0.01843055555555553
1 0.60775 0.5280833333333333 0.01439843750000005 0.014569444444444458
1 0.39770312500000005 0.35330555555555554 0.011960937500000001 0.031986111111111076
1 0.47925000000000006 0.4338055555555555 0.014617187500000028 0.026583333333333313
1 0.46264843750000006 0.25325000000000003 0.009671875000000085 0.021750000000000033
1 0.5947109375 0.2620138888888889 0.010031249999999936 0.024763888888888867