0 0.476172 0.536111 0.007031 0.013889
1 0.208984 0.149306 0.016406 0.026389
1 0.272266 0.246528 0.013281 0.018056
1 0.101172 0.482639 0.016406 0.018056
1 0.486328 0.160417 0.013281 0.029167
1 0.621094 0.175694 0.010938 0.023611
1 0.684375 0.559722 0.007812 0.019444
1 0.826562 0.520833 0.015625 0.025000
1 0.597266 0.865972 0.011719 0.040278
1 0.70859375 0.7208333333333333 0.0125 0.019444444444444445
1 0.397266 0.872222 0.007031 0.016667
1 0.4421875 0.6493055555555556 0.0078125 0.018055555555555554
1 0.479296875 0.5215277777777778 0.01640625 0.015277777777777777