1 0.4585 0.2345972222222222 0.01205468750000005 0.024333333333333308
1 0.318359375 0.36393055555555553 0.012867187500000021 0.023416666666666686
1 0.4921875 0.277125 0.011289062500000035 0.030194444444444458
1 0.41332812499999994 0.4418472222222222 0.009195312499999986 0.015791666666666673
1 0.537109375 0.5199722222222222 0.010054687499999914 0.03309722222222228
1 0.34253125 0.6076388888888888 0.013429687500000042 0.026083333333333295
1 0.3864765625 0.5681388888888889 0.013218749999999968 0.024055555555555625
1 0.46069531250000006 0.46658333333333335 0.0154296875 0.029374999999999967
1 0.6196328125 0.5199722222222222 0.014499999999999957 0.024055555555555625
1 0.3754921875 0.7295972222222221 0.021695312499999987 0.048777777777777705
1 0.4751015625 0.6328194444444445 0.012148437499999965 0.01923611111111114
1 0.453421875 0.6996527777777778 0.010726562500000014 0.017347222222222236
0 0.3837890625 0.7118055555555556 0.004296875 0.008013888888888864