1 0.919921875 0.538625 0.020648437499999873 0.0224444444444444
1 0.7163125 0.49740277777777775 0.011640625000000071 0.019305555555555524
1 0.734375 0.9192777777777777 0.016023437499999994 0.021930555555555505
1 0.6728515625 0.7582500000000001 0.010609374999999944 0.03150000000000009
1 0.175296875 0.4887222222222222 0.014671874999999978 0.01808333333333331
0 0.689453125 0.4587638888888889 0.0039453124999999645 0.0077361111111111805
1 0.8335000000000001 0.7382777777777777 0.0171015624999999 0.026902777777777626
1 0.7353515625 0.47005555555555556 0.015304687499999936 0.025874999999999995
1 0.6704140625 0.5130277777777777 0.011687500000000028 0.01850000000000007
1 0.84765625 0.4743888888888889 0.015601562499999843 0.02397222222222221
1 0.75146875 0.6341111111111111 0.020296875000000013 0.02069444444444441
1 0.541015625 0.444875 0.007578125000000035 0.02077777777777783
1 0.41553125 0.24891666666666667 0.009015624999999972 0.024333333333333308