1 0.344531 0.695139 0.009375 0.026389
1 0.396094 0.514583 0.009375 0.020833
1 0.236328 0.228472 0.014844 0.023611
1 0.276562 0.847917 0.009375 0.023611
1 0.376172 0.239583 0.011719 0.023611
1 0.755078 0.524306 0.017969 0.015278
1 0.318750 0.602083 0.010937 0.023611
1 0.353516 0.500000 0.014844 0.022222
1 0.119922 0.463194 0.019531 0.015278
1 0.34921875 0.5625 0.0109375 0.027777777777777776
1 0.369141 0.791667 0.010156 0.019444
1 0.383984 0.407639 0.013281 0.023611
0 0.360938 0.696528 0.004688 0.012500