1 0.23181250000000003 0.22483333333333333 0.01634374999999997 0.032041666666666656
1 0.3806015625 0.6941666666666667 0.012468750000000028 0.028152777777777752
1 0.45653125 0.6837361111111111 0.009671875000000085 0.027000000000000076
1 0.21154687499999997 0.4311527777777778 0.0177734375 0.0205833333333334
1 0.1800546875 0.8103333333333335 0.0173828125 0.029055555555555657
1 0.46948437500000006 0.3229166666666667 0.009523437500000042 0.03648611111111109
1 0.056460937499999996 0.5568611111111111 0.021085937500000002 0.03241666666666671
1 0.4184609375 0.31858333333333333 0.016585937500000016 0.03526388888888887
1 0.7900390625 0.5395 0.020492187500000016 0.028055555555555618
1 0.41507812499999996 0.8520000000000001 0.014406250000000042 0.026902777777777626
1 0.1455078125 0.5807361111111111 0.01672656250000002 0.03466666666666672
1 0.507328125 0.500875 0.011960937499999958 0.03113888888888883
0 0.14066406250000002 0.5940833333333333 0.005859375 0.010736111111111137