1 0.5380859375 0.2753888888888889 0.010054687499999914 0.022527777777777737
1 0.4399453125 0.4149305555555556 0.009054687499999936 0.012902777777777727
1 0.40991406250000006 0.7712638888888889 0.01049218750000005 0.023875000000000077
1 0.3715859375 0.3509166666666666 0.010093749999999967 0.01666666666666663
1 0.5078125 0.719625 0.00982031249999995 0.026583333333333393
0 0.46899218749999994 0.5177916666666667 0.0044843750000000075 0.0077916666666666854
1 0.515625 0.4913194444444444 0.012335937499999972 0.022708333333333365
1 0.5634765625 0.5642361111111112 0.007695312499999929 0.01700000000000001
1 0.42602343749999994 0.5824722222222222 0.010648437500000085 0.024708333333333284
1 0.657 0.5646666666666667 0.016812499999999987 0.025486111111111143
1 0.458984375 0.2450138888888889 0.010906250000000029 0.017263888888888898
1 0.48071093749999994 0.45269444444444445 0.014390625000000056 0.024902777777777708
1 0.5043984375 0.6245694444444444 0.009273437499999915 0.022708333333333365
0 0.6528359375 0.5568611111111111 0.0057265624999999435 0.009680555555555593