1 0.9028359375000001 0.5403611111111111 0.0198359374999999 0.02159722222222216
1 0.42065625000000006 0.24804166666666666 0.008578125000000015 0.02045833333333336
1 0.6762734375 0.7382777777777777 0.011070312500000058 0.018722222222222248
1 0.8154296875 0.7070277777777777 0.017242187500000127 0.025694444444444367
1 0.7060546875 0.46615277777777775 0.011070312500000058 0.02069444444444441
1 0.5444375 0.4164444444444444 0.008851562499999943 0.021847222222222247
1 0.6611328125 0.47656944444444443 0.01146875000000005 0.02038888888888882
1 0.8325234375000001 0.4409722222222222 0.016921874999999885 0.02297222222222217
1 0.733890625 0.625 0.018648437499999913 0.019611111111111117
0 0.663578125 0.4548611111111111 0.004070312500000029 0.008222222222222166
1 0.7265625 0.45790277777777777 0.01478906250000005 0.02762499999999998
1 0.7099609375 0.9088611111111111 0.013429687500000042 0.02519444444444458
1 0.1857890625 0.4826388888888889 0.017640624999999986 0.0209444444444445