1 0.44921875 0.3650138888888889 0.009054687499999936 0.019986111111111093
1 0.44555468749999994 0.5885416666666666 0.009523437500000042 0.01865277777777771
1 0.5454140625 0.4461805555555556 0.010945312499999993 0.024236111111111173
1 0.5883828125 0.5360277777777778 0.014835937500000007 0.02126388888888881
1 0.515140625 0.65625 0.013124999999999965 0.029055555555555498
1 0.3974609375 0.3452638888888889 0.011468750000000005 0.020861111111111125
1 0.4301796875 0.7981805555555557 0.009484375000000078 0.024902777777777867
1 0.45703125 0.24695833333333334 0.011781249999999943 0.016736111111111125
1 0.47729687500000006 0.4522638888888889 0.014171875000000079 0.028486111111111097
1 0.7133828125 0.5963611111111111 0.014281249999999978 0.022277777777777726
1 0.572265625 0.2534722222222222 0.008953125000000029 0.03090277777777778
1 0.5087890625 0.7261249999999999 0.007515624999999915 0.022097222222222337
0 0.5063515625 0.6137222222222222 0.005320312499999957 0.008861111111111104