1 0.5341796875 0.6658055555555555 0.01205468750000005 0.018583333333333327
1 0.240234375 0.4756944444444444 0.01869531249999996 0.020611111111111156
1 0.47289843749999994 0.2682361111111111 0.016101562499999923 0.05222222222222225
0 0.42211718749999994 0.6892361111111112 0.004328124999999972 0.010138888888888826
1 0.41772656250000006 0.6462638888888889 0.012007812499999914 0.0244305555555556
1 0.48608593750000006 0.859375 0.010249999999999915 0.032472222222222374
1 0.233890625 0.21690277777777775 0.013632812500000036 0.030305555555555547
1 0.6103515625 0.5299444444444444 0.009671875000000085 0.016666666666666666
1 0.06646875 0.5160555555555556 0.01658593749999999 0.02077777777777783
1 0.780765625 0.5460138888888889 0.018156250000000006 0.02262499999999995
1 0.3005390625 0.8376805555555555 0.012382812500000017 0.021027777777777916
1 0.2744140625 0.38911111111111113 0.009414062499999964 0.021430555555555487
1 0.55859375 0.31531944444444443 0.0119140625 0.02280555555555558