1 0.6606484375 0.27344444444444443 0.011289062500000035 0.023416666666666686
1 0.43823437500000006 0.33355555555555555 0.008851562499999943 0.024055555555555545
1 0.44116406250000006 0.24131944444444445 0.009859374999999915 0.028486111111111097
1 0.5390625 0.32379166666666664 0.010453125000000086 0.024805555555555574
1 0.599125 0.6501805555555555 0.010054687499999914 0.022097222222222178
1 0.7734375 0.5013055555555556 0.016984375000000006 0.0371388888888889
1 0.5131875 0.40755555555555556 0.014117187499999951 0.028055555555555618
1 0.339359375 0.3799861111111111 0.015835937499999987 0.022875000000000038
1 0.659671875 0.5750833333333334 0.01652343750000007 0.01765277777777783
1 0.507328125 0.8719583333333333 0.013632812500000036 0.03276388888888877
1 0.46020312499999994 0.5030416666666666 0.008882812499999915 0.02077777777777783
1 0.5708671875 0.719125 0.017765625000000007 0.02852777777777773
0 0.3475234375 0.38398611111111114 0.0052812499999999925 0.011069444444444482