1 0.1247578125 0.47656944444444443 0.018617187499999986 0.037194444444444405
1 0.387453125 0.23568055555555556 0.012921874999999972 0.023416666666666686
1 0.2788125 0.8463611111111111 0.013328124999999958 0.0235000000000001
1 0.24279687499999997 0.23025 0.011031250000000003 0.01886111111111109
1 0.409671875 0.5147638888888889 0.011289062500000035 0.02201388888888892
1 0.391359375 0.4262222222222222 0.014281249999999978 0.024902777777777708
1 0.396484375 0.48741666666666666 0.008812499999999978 0.020861111111111087
1 0.38428125 0.8046944444444445 0.011070312499999967 0.027861111111111034
1 0.3435078125 0.6614583333333334 0.012828124999999968 0.02538888888888885
1 0.374265625 0.5933194444444444 0.015671874999999957 0.021680555555555574
1 0.39990625 0.7144166666666667 0.013632812500000036 0.028944444444444408
0 0.41382031250000006 0.7462083333333334 0.004773437499999922 0.007638888888888889
1 0.76059375 0.5489166666666667 0.019546874999999984 0.021958333333333257