1 0.23034374999999999 0.22102777777777777 0.015671874999999957 0.02397222222222221
1 0.3779296875 0.35525000000000007 0.015304687500000025 0.02848611111111114
1 0.0336640625 0.5594583333333334 0.018507812499999998 0.01843055555555553
1 0.1821328125 0.8585138888888889 0.015539062499999989 0.018361111111111147
1 0.3591328125 0.8142361111111112 0.011554687499999971 0.02262499999999995
0 0.130375 0.6822916666666666 0.0043671874999999805 0.007972222222222235
1 0.42334375 0.3700138888888889 0.011421874999999915 0.03276388888888889
1 0.2029296875 0.4479166666666667 0.018609375000000018 0.014500000000000075
1 0.11358593749999998 0.6844583333333334 0.012382812500000017 0.016486111111111118
1 0.3335 0.6427916666666667 0.01124218749999999 0.01923611111111114
1 0.40875781250000004 0.6771111111111111 0.019320312500000013 0.01865277777777771
1 0.44601562499999997 0.5120416666666667 0.013023437500000058 0.02226388888888885
1 0.737796875 0.5499166666666666 0.016281249999999935 0.04180555555555559