1 0.5908203125 0.4427083333333333 0.012007812499999914 0.02752777777777785
1 0.3855 0.5086805555555556 0.014898437500000038 0.026694444444444482
1 0.40453906249999994 0.20725 0.011242187500000033 0.025694444444444443
1 0.344484375 0.5772638888888889 0.011328125 0.019305555555555524
1 0.43871874999999994 0.750875 0.011203124999999935 0.026486111111111023
1 0.3400859375 0.5143194444444444 0.01478906249999996 0.02773611111111115
1 0.21521093750000003 0.6540833333333333 0.01417187499999999 0.020222222222222145
1 0.456546875 0.2575972222222222 0.011374999999999958 0.02201388888888892
1 0.4375 0.38433333333333336 0.009164062500000014 0.020222222222222145
1 0.3852578125 0.8467916666666667 0.013898437499999972 0.028152777777777752
1 0.253421875 0.4409722222222222 0.012054687499999961 0.016486111111111118
1 0.5322265625 0.6111111111111112 0.0140625 0.02862500000000002
0 0.33471875 0.5212638888888889 0.003929687499999978 0.0077361111111111805