1 0.39721875000000006 0.5425416666666667 0.01078125000000001 0.018013888888888926
1 0.5258828125 0.19911111111111113 0.008125000000000071 0.026583333333333313
1 0.4365234375 0.7578194444444445 0.011554687499999971 0.02315277777777788
1 0.5981484375 0.4112361111111111 0.012382812499999929 0.029263888888888957
1 0.5009765625 0.7729999999999999 0.010171874999999986 0.03125
1 0.6025390625 0.6914027777777778 0.010054687499999914 0.026902777777777782
1 0.366703125 0.17654166666666665 0.015078124999999965 0.01879166666666667
1 0.4653359375 0.4025555555555555 0.00867187499999993 0.021513888888888902
1 0.2626953125 0.7109444444444445 0.013687499999999986 0.022194444444444468
1 0.4326171875 0.6189305555555555 0.010734375000000008 0.022277777777777726
1 0.4819375 0.5069444444444444 0.013273437500000007 0.023597222222222235
1 0.143796875 0.5525138888888889 0.017437499999999995 0.02262499999999995
0 0.37265625 0.1725972222222222 0.003968750000000032 0.009472222222222213