1 0.317875 0.27626388888888886 0.015249999999999986 0.029624999999999978
1 0.640140625 0.6224027777777777 0.01548437499999995 0.019013888888888966
1 0.7016640625 0.33529166666666665 0.016984375000000006 0.026999999999999996
1 0.5927734375 0.5395 0.012671875000000022 0.019166666666666603
1 0.3628515625 0.7395833333333334 0.009054687500000025 0.018930555555555707
1 0.125734375 0.48047222222222224 0.011468750000000005 0.01865277777777771
1 0.507328125 0.46658333333333335 0.013742187499999937 0.029944444444444367
1 0.624515625 0.7912361111111111 0.013484374999999993 0.028486111111111097
1 0.49780468750000006 0.8159722222222222 0.011289062500000035 0.01270833333333346
1 0.8930703125000001 0.5659722222222222 0.016726562499999886 0.036625000000000005
1 0.77459375 0.5345555555555556 0.013179687499999915 0.02230555555555548
1 0.7888203125000001 0.55125 0.01257812499999993 0.02191666666666663
0 0.793328125 0.6813333333333333 0.005156249999999929 0.008055555555555493