1 0.792484375 0.3697916666666667 0.014734374999999921 0.016805555555555587
1 0.59375 0.43858333333333327 0.009742187500000022 0.023597222222222235
1 0.44067187499999994 0.2497777777777778 0.009929687500000029 0.01843055555555553
1 0.6899453125 0.5928888888888889 0.013632812500000036 0.01886111111111117
1 0.675296875 0.7400138888888889 0.014390625000000056 0.021180555555555557
0 0.5512734375 0.3374583333333333 0.004085937500000014 0.007555555555555552
1 0.644046875 0.8923611111111112 0.010609374999999944 0.02538888888888885
1 0.6826171875 0.36025 0.011507812500000015 0.024333333333333308
1 0.861328125 0.5425416666666667 0.020492187500000016 0.02333333333333327
1 0.681640625 0.43272222222222223 0.015781250000000035 0.025486111111111143
1 0.2509765625 0.43727777777777777 0.01417187499999999 0.019611111111111117
1 0.5618671875000001 0.3217361111111111 0.011999999999999922 0.021847222222222247
1 0.75515625 0.6552638888888889 0.01528906249999995 0.019791666666666666