1 0.4323125 0.2487361111111111 0.009968749999999993 0.02765277777777781
1 0.7822265625 0.6723055555555556 0.014281249999999978 0.019611111111111117
1 0.62646875 0.4444444444444444 0.01146875000000005 0.0224444444444444
1 0.5578515625 0.3556805555555555 0.009265624999999921 0.03008333333333333
1 0.67578125 0.7378472222222222 0.011875000000000035 0.017458333333333246
1 0.7099609375 0.42275 0.011734374999999986 0.027861111111111034
1 0.2172890625 0.4622361111111111 0.013023437499999967 0.019527777777777703
1 0.7075234375 0.6106805555555556 0.014734374999999921 0.02315277777777772
1 0.694828125 0.4129722222222222 0.011203124999999935 0.03572222222222226
1 0.8798828125 0.5507777777777778 0.018718750000000027 0.021847222222222247
1 0.669921875 0.890625 0.013898437499999972 0.022194444444444468
0 0.5647578125 0.35006944444444443 0.005867187499999993 0.010708333333333304
1 0.8110312499999999 0.3983333333333334 0.0167109374999999 0.02283333333333341