1 0.3806171875 0.5638055555555556 0.011328125 0.01991666666666671
1 0.44409375000000006 0.22743055555555555 0.009054687499999936 0.02415277777777776
1 0.4580078125 0.5815972222222222 0.009742187500000022 0.02013888888888889
1 0.42407031249999994 0.47091666666666665 0.014734374999999921 0.027111111111111086
1 0.4965859375 0.27452777777777776 0.010609374999999944 0.026805555555555572
1 0.5747109375 0.5690138888888889 0.009742187500000022 0.021513888888888902
1 0.4907265625 0.4309861111111111 0.010328125000000021 0.016805555555555587
1 0.276125 0.32356944444444447 0.01219531250000001 0.02452777777777781
1 0.380125 0.8029583333333333 0.011554687499999971 0.026194444444444305
1 0.393796875 0.4244861111111111 0.009523437500000042 0.01822222222222223
1 0.437015625 0.7408888888888889 0.009671875000000085 0.01822222222222207
1 0.2563515625 0.5941805555555556 0.018265624999999997 0.016027777777777728
0 0.2839375 0.35220833333333335 0.006562499999999982 0.013625000000000003