1 0.4770546875 0.45181944444444444 0.01400781250000005 0.02315277777777772
1 0.5654296875 0.5668472222222222 0.00929687500000007 0.017944444444444388
1 0.495609375 0.6328194444444445 0.010945312499999993 0.03518055555555561
1 0.54053125 0.24804166666666666 0.010054687499999914 0.027319444444444466
1 0.53271875 0.4600694444444444 0.009054687499999936 0.022875000000000038
1 0.45629687499999994 0.2506527777777778 0.013328124999999958 0.026375000000000013
1 0.5161171875 0.7439305555555555 0.009195312499999986 0.023416666666666527
1 0.3776875 0.3298611111111111 0.01317187500000001 0.020388888888888897
1 0.6826171875 0.5950555555555556 0.015781250000000035 0.021749999999999957
1 0.405765625 0.8168472222222222 0.009164062500000014 0.018930555555555707
1 0.4399453125 0.3932361111111111 0.009195312499999986 0.013680555555555586
1 0.42163281250000006 0.5950555555555556 0.008578125000000015 0.01886111111111117
0 0.47729687500000006 0.5425416666666667 0.003992187499999922 0.007763888888888933