1 0.0709140625 0.5299444444444444 0.02313281249999999 0.019083333333333345
1 0.2314453125 0.2195138888888889 0.015187500000000043 0.020944444444444422
0 0.44507031250000006 0.6961805555555556 0.003718749999999993 0.007527777777777721
1 0.6318359375 0.5507777777777778 0.011070312500000058 0.020611111111111156
1 0.2580546875 0.4418472222222222 0.014335937500000017 0.023499999999999945
1 0.48461718749999994 0.2482638888888889 0.014734374999999921 0.03125
1 0.3579140625 0.4042916666666666 0.013742187500000025 0.02397222222222221
1 0.41528124999999994 0.6527777777777778 0.011203124999999935 0.018583333333333327
1 0.5766640625 0.30751388888888886 0.010820312499999929 0.022097222222222258
1 0.4876796875 0.8315694444444445 0.010679687500000057 0.02212500000000009
1 0.5691015625 0.6949305555555556 0.014132812499999935 0.025861111111111116
1 0.32210937500000003 0.8383888888888889 0.013968749999999997 0.023833333333333446
1 0.77725 0.5427222222222222 0.023843749999999986 0.02663888888888882