1 0.6782265625 0.5620694444444444 0.009414062499999964 0.0209444444444445
1 0.44018750000000006 0.6462638888888889 0.008445312499999958 0.018361111111111147
1 0.7085 0.7191805555555555 0.011203124999999935 0.021180555555555557
1 0.20227343750000001 0.15375 0.01652343749999998 0.016736111111111125
1 0.4771484375 0.520625 0.008664062499999936 0.02237500000000002
1 0.2629375 0.30143055555555553 0.01219531250000001 0.024055555555555545
1 0.6201171875 0.17502777777777778 0.012007812499999914 0.02648611111111112
1 0.8344765625000001 0.5256111111111111 0.012570312500000114 0.024708333333333284
1 0.0896015625 0.48480555555555555 0.019304687500000008 0.01886111111111117
1 0.390140625 0.8697916666666666 0.013898437499999972 0.022875000000000038
1 0.48461718749999994 0.16243055555555558 0.016023437499999994 0.03629166666666668
1 0.601078125 0.8888888888888888 0.010781249999999964 0.017458333333333246
0 0.44995312500000006 0.6302083333333334 0.0038125000000000854 0.008013888888888864