1 0.482812 0.486111 0.010937 0.025000
1 0.599609 0.369444 0.010156 0.019444
1 0.445312 0.403472 0.012500 0.018056
1 0.133984 0.540278 0.013281 0.016667
1 0.426953125 0.7465277777777778 0.01015625 0.020833333333333332
1 0.257031 0.713889 0.012500 0.019444
1 0.4234375 0.6076388888888888 0.009375 0.018055555555555554
1 0.594141 0.685417 0.010156 0.020833
1 0.490234 0.753472 0.008594 0.023611
1 0.525391 0.200694 0.007031 0.023611
1 0.397266 0.544444 0.008594 0.016667
0 0.377734375 0.1527777777777778 0.00546875 0.011111111111111112
1 0.367188 0.150694 0.009375 0.020833