1 0.3984375 0.20443055555555556 0.010007812499999958 0.02077777777777775
1 0.442875 0.7569444444444444 0.011328125 0.017458333333333246
1 0.23742968750000001 0.4743888888888889 0.01478906249999996 0.022347222222222265
1 0.3435078125 0.5125833333333334 0.00948437499999999 0.02102777777777776
1 0.42602343749999994 0.39193055555555556 0.010210937499999951 0.02134722222222223
1 0.4462890625 0.25890277777777776 0.009375 0.027319444444444466
0 0.405765625 0.6319444444444444 0.003929687499999978 0.008013888888888864
1 0.34521875 0.6024305555555556 0.009632812500000032 0.02102777777777776
1 0.576171875 0.41797222222222224 0.014671874999999978 0.023875000000000077
1 0.2170390625 0.6662361111111111 0.012382812500000017 0.02013888888888889
1 0.379640625 0.5134583333333333 0.014617187500000028 0.025694444444444443
1 0.388671875 0.8485277777777779 0.011421875000000003 0.028486111111111097
1 0.5458984375 0.6297777777777778 0.01049218750000005 0.032472222222222215