1 0.671875 0.7413194444444444 0.011960937499999958 0.02720833333333322
1 0.78515625 0.3643611111111111 0.018265625000000084 0.019986111111111093
1 0.8559609375000001 0.538625 0.020023437500000085 0.022708333333333365
0 0.541015625 0.33529166666666665 0.004250000000000043 0.007916666666666652
1 0.4418984375 0.24891666666666667 0.008882812499999915 0.0231527777777778
1 0.5537109375 0.33225 0.012828125000000056 0.030402777777777758
1 0.6782265625 0.34852777777777777 0.011242187500000079 0.021847222222222247
1 0.25928125 0.43337499999999995 0.014499999999999957 0.02262499999999995
1 0.67334375 0.42643055555555553 0.015718749999999913 0.030652777777777848
1 0.68115625 0.5881111111111111 0.01791406250000005 0.019527777777777703
1 0.634765625 0.8888888888888888 0.008882812499999915 0.01843055555555553
1 0.5888671875 0.44336111111111115 0.006687499999999957 0.013416666666666622
1 0.7458359375 0.645875 0.016617187499999984 0.020763888888888953