1 0.546875 0.442361 0.007812 0.020833
1 0.7078125 0.6 0.0171875 0.022222222222222223
1 0.513672 0.651389 0.007031 0.016667
1 0.509375 0.731250 0.009375 0.023611
1 0.396484 0.346528 0.011719 0.020833
1 0.441015625 0.5875 0.00859375 0.022222222222222223
1 0.446875 0.369444 0.007812 0.019444
1 0.584766 0.538889 0.008594 0.019444
1 0.457031 0.254167 0.012500 0.027778
1 0.565625 0.250694 0.010937 0.023611
1 0.426563 0.797917 0.009375 0.023611
1 0.477734375 0.4527777777777778 0.01484375 0.025
0 0.5 0.5986111111111111 0.0046875 0.008333333333333333