1 0.838672 0.540972 0.017969 0.020833
1 0.208203 0.165972 0.017969 0.020833
1 0.487891 0.165278 0.014844 0.033333
1 0.447266 0.655556 0.008594 0.022222
1 0.0875 0.48680555555555555 0.01875 0.018055555555555554
1 0.678125 0.742361 0.007812 0.020833
1 0.478125 0.478472 0.010937 0.031944
1 0.603125 0.895833 0.012500 0.030556
1 0.676172 0.572222 0.010156 0.022222
1 0.617969 0.179861 0.012500 0.026389
1 0.258984 0.334722 0.013281 0.027778
1 0.386719 0.865278 0.009375 0.027778
0 0.583203 0.700694 0.003906 0.009722