1 0.476078125 0.45181944444444444 0.014499999999999957 0.024055555555555625
1 0.5361328125 0.2604166666666667 0.00971093750000005 0.023236111111111138
1 0.42065625000000006 0.59375 0.007546875000000064 0.018930555555555548
1 0.4965859375 0.6315138888888889 0.00806249999999995 0.01879166666666663
0 0.46996874999999994 0.5286527777777777 0.003781249999999936 0.007527777777777721
1 0.366453125 0.32552777777777775 0.010007812499999958 0.020069444444444428
1 0.4555703125 0.25022222222222223 0.013124999999999965 0.027430555555555555
1 0.43676562499999994 0.4116805555555556 0.009273437499999915 0.019166666666666603
1 0.6650390625 0.5881111111111111 0.014734374999999921 0.024805555555555574
1 0.5131875 0.7361111111111112 0.007343750000000071 0.0257777777777777
1 0.521484375 0.4670138888888889 0.008218749999999986 0.016930555555555633
1 0.5638984375 0.5641805555555556 0.010898437500000035 0.015416666666666698
1 0.40160937499999994 0.7999166666666667 0.009898437500000013 0.03406944444444441