1 0.7412109375 0.555125 0.013023437500000058 0.016027777777777728
1 0.5835 0.8177083333333334 0.006984375000000043 0.018930555555555707
1 0.611328125 0.5047777777777778 0.015015625000000022 0.02862500000000002
1 0.8637734375000001 0.49695833333333334 0.018265625000000084 0.018583333333333327
1 0.15490625 0.48480555555555555 0.015960937500000005 0.019166666666666603
1 0.9526406250000001 0.6362916666666667 0.026507812499999873 0.01843055555555553
1 0.7368203125 0.7868888888888889 0.013796875000000064 0.023416666666666527
1 0.8891640625000001 0.8272638888888889 0.016921874999999885 0.020944444444444342
1 0.6977578125 0.63325 0.011593749999999936 0.019166666666666603
1 0.389890625 0.2647638888888889 0.011468749999999962 0.026805555555555572
1 0.47143750000000006 0.6736111111111112 0.012968749999999928 0.04399999999999993
0 0.8486328125 0.9357638888888888 0.005000000000000071 0.008458333333333219
1 0.8559609375000001 0.9505277777777777 0.018617187499999945 0.042041666666666644