1 0.853515625 0.5629305555555556 0.017992187500000156 0.02045833333333336
1 0.708984375 0.5586805555555555 0.009632812499999944 0.01765277777777783
1 0.677734375 0.49175 0.015015625000000022 0.027111111111111086
1 0.7661171875 0.7291666666666666 0.021210937500000072 0.02244444444444456
1 0.849609375 0.9010416666666666 0.020171875000000127 0.028722222222222312
0 0.8125 0.7705277777777777 0.005515624999999957 0.01083333333333327
1 0.1567421875 0.48306944444444444 0.015484374999999995 0.01923611111111114
1 0.9487343750000001 0.6319444444444444 0.023281250000000142 0.021180555555555557
1 0.7191875 0.5564444444444444 0.009484375000000078 0.015791666666666673
1 0.8374062500000001 0.9401111111111111 0.01602343750000017 0.021513888888888902
1 0.5078437499999999 0.5915972222222222 0.014390625000000056 0.0271944444444445
1 0.604125 0.7559722222222222 0.011539062499999985 0.02437499999999994
1 0.391125 0.24386111111111114 0.012242187499999968 0.02538888888888893