1 0.8979531250000001 0.5412361111111111 0.0227656249999999 0.02262499999999995
1 0.5454140625 0.4105972222222222 0.008781250000000008 0.013736111111111091
1 0.8295937500000001 0.4357638888888889 0.017718749999999873 0.025486111111111143
1 0.8139687500000001 0.703125 0.012531249999999971 0.021111111111111174
1 0.185671875 0.48177777777777775 0.011031250000000003 0.02134722222222223
1 0.4228515625 0.24934722222222222 0.010093750000000058 0.024236111111111094
1 0.732421875 0.6245694444444444 0.014226562500000029 0.019388888888888938
1 0.66015625 0.4678888888888889 0.012625000000000063 0.0356666666666666
1 0.70459375 0.9036527777777777 0.013374999999999915 0.026291666666666755
1 0.6762734375 0.7387222222222222 0.011328125 0.019527777777777703
1 0.7265625 0.4496527777777778 0.01353124999999995 0.03159722222222222
1 0.702640625 0.4583333333333333 0.013742187499999937 0.025583333333333277
0 0.659671875 0.45355555555555555 0.004539062499999957 0.007944444444444483