1 0.072265625 0.5060833333333333 0.01809375 0.019611111111111117
1 0.2717265625 0.8415833333333335 0.015187500000000043 0.02443055555555544
1 0.48071093749999994 0.8836805555555556 0.012234375000000065 0.027944444444444293
1 0.21887500000000001 0.5138888888888888 0.01646093750000004 0.0228055555555555
1 0.5068359375 0.6736111111111112 0.01146875000000005 0.0262916666666666
1 0.7978515625 0.5529583333333333 0.020218750000000084 0.024708333333333284
1 0.23278906250000003 0.2153888888888889 0.014617187500000028 0.029374999999999967
1 0.237796875 0.39691666666666664 0.016726562499999976 0.023236111111111138
1 0.5341796875 0.3337638888888889 0.011554687499999971 0.02461111111111115
1 0.45703125 0.27929166666666666 0.014835937500000007 0.03159722222222222
1 0.5771484375 0.5047777777777778 0.008218749999999986 0.01829166666666661
1 0.40952343750000003 0.7233472222222221 0.013843750000000021 0.02798611111111116
0 0.3986796875 0.7148472222222223 0.004960937500000017 0.007611111111111136