1 0.4301796875 0.7339444444444445 0.015601562500000022 0.023236111111111138
1 0.4340859375 0.24934722222222222 0.013898437499999972 0.020541666666666694
1 0.48364062499999994 0.6523472222222222 0.012289062500000014 0.020861111111111087
1 0.5078125 0.45790277777777777 0.018265625000000084 0.02648611111111118
1 0.2612890625 0.25863888888888886 0.016085937500000026 0.02716666666666667
1 0.4184609375 0.44922222222222224 0.012867187500000021 0.0224444444444444
1 0.44678125 0.5316805555555556 0.01489843749999995 0.020305555555555563
1 0.3024921875 0.8320277777777777 0.009124999999999961 0.018583333333333486
0 0.50390625 0.79775 0.004234375000000057 0.007763888888888775
1 0.49780468750000006 0.8055555555555556 0.01646093749999995 0.02598611111111116
1 0.7973671875 0.5911527777777777 0.014953125000000077 0.01427777777777774
1 0.4098515625 0.8258611111111112 0.015031250000000006 0.02137500000000014
1 0.12540625 0.4752638888888889 0.017609375000000017 0.019305555555555524