1 0.50390625 0.6306388888888889 0.008578125000000015 0.019305555555555524
1 0.5380859375 0.2743055555555556 0.010132812500000022 0.02201388888888892
1 0.48022656250000006 0.45181944444444444 0.014671874999999978 0.025
0 0.46948437500000006 0.5177916666666667 0.004453125000000035 0.008041666666666615
1 0.513671875 0.7217916666666667 0.006242187500000007 0.017527777777777625
1 0.44067187499999994 0.42144444444444445 0.012382812499999929 0.03347222222222225
1 0.564453125 0.563375 0.007906249999999915 0.016222222222222152
1 0.40698437500000006 0.7773472222222223 0.008578125000000015 0.014958333333333308
1 0.423828125 0.5933194444444444 0.007546875000000064 0.01686111111111109
1 0.5244140625 0.4722222222222222 0.007375000000000043 0.01886111111111117
1 0.45922656249999994 0.25022222222222223 0.012625000000000063 0.02538888888888893
1 0.3674296875 0.32943055555555556 0.009273437500000004 0.01136111111111112
1 0.6626015625 0.5876805555555555 0.00982031249999995 0.019166666666666603