1 0.44214062500000006 0.6501805555555555 0.008187500000000014 0.019986111111111093
0 0.474609375 0.5329861111111112 0.004539062499999957 0.010111111111111072
1 0.399171875 0.8736944444444443 0.009124999999999961 0.022875000000000038
1 0.1015625 0.484375 0.01887500000000001 0.022194444444444468
1 0.6845703125 0.5607638888888888 0.009195312499999986 0.02126388888888881
1 0.20837500000000003 0.14670833333333333 0.01640625 0.022875
1 0.62109375 0.17556944444444444 0.011164062499999971 0.024805555555555574
1 0.5981484375 0.8615416666666665 0.010210937499999951 0.024152777777777915
1 0.272953125 0.25 0.014007812499999961 0.03150000000000001
1 0.828125 0.5208333333333334 0.014789062499999872 0.02397222222222221
1 0.48706250000000006 0.16134722222222223 0.014953125000000077 0.031736111111111104
1 0.70846875 0.7185833333333334 0.013179687499999915 0.02563888888888894
1 0.47941406249999996 0.5238333333333334 0.009929687500000029 0.02183333333333337