1 0.3110390625 0.5859444444444445 0.009601562499999971 0.02297222222222217
1 0.343265625 0.546875 0.010648437499999996 0.02333333333333327
1 0.389890625 0.5177916666666667 0.009710937499999961 0.01765277777777783
1 0.23522656249999999 0.22395833333333334 0.014226562500000029 0.018930555555555548
1 0.3254375 0.5013055555555556 0.011374999999999958 0.018722222222222248
1 0.751953125 0.5125833333333334 0.0154296875 0.02509722222222229
1 0.11163281249999998 0.4600694444444444 0.014898437499999995 0.01822222222222223
1 0.3129921875 0.6849027777777777 0.010093749999999967 0.019166666666666603
1 0.275390625 0.8528611111111111 0.011031250000000003 0.02244444444444456
1 0.3725625 0.2450138888888889 0.011031250000000003 0.02369444444444445
1 0.380125 0.398875 0.014453125 0.025694444444444443
1 0.3630390625 0.8020833333333334 0.009124999999999961 0.015916666666666718
0 0.338625 0.6206666666666667 0.003960937500000039 0.007069444444444488