1 0.44311718750000006 0.6762222222222222 0.013218750000000057 0.04006944444444448
1 0.49194531250000006 0.49740277777777775 0.008546875000000042 0.017597222222222167
1 0.23157031250000001 0.22125 0.016281250000000025 0.023236111111111138
1 0.04428125 0.5516527777777778 0.0239140625 0.01850000000000007
1 0.20007031249999999 0.42509722222222224 0.018648437500000004 0.024388888888888814
1 0.40160937499999994 0.8346388888888889 0.013953124999999966 0.036208333333333245
1 0.1663359375 0.8172777777777779 0.02156250000000002 0.01829166666666677
1 0.1149921875 0.5850694444444444 0.017179687500000006 0.023236111111111138
1 0.3688984375 0.67925 0.01219531250000001 0.02013888888888889
1 0.7705078125 0.5329861111111112 0.020765624999999944 0.0244305555555556
1 0.4560546875 0.31705555555555553 0.010906250000000029 0.02577777777777778
1 0.4038125 0.3263888888888889 0.017179687500000006 0.041555555555555575
0 0.110109375 0.6080694444444444 0.004625000000000013 0.00816666666666666