1 0.74365625 0.4622361111111111 0.012867187500000021 0.028152777777777752
1 0.6762734375 0.5342916666666666 0.010648437500000085 0.021847222222222247
1 0.761234375 0.640625 0.018125000000000037 0.02509722222222229
1 0.72021875 0.5108472222222222 0.013796875000000064 0.023416666666666686
1 0.41235156249999994 0.2517361111111111 0.010249999999999915 0.02280555555555558
1 0.8374062500000001 0.7573749999999999 0.014226562500000029 0.028833333333333322
0 0.7055703125 0.4605 0.004085937500000014 0.008194444444444412
1 0.5419921875 0.4618055555555556 0.010695312500000043 0.022875000000000038
1 0.8520546875000001 0.4913194444444444 0.017242187500000127 0.021930555555555505
1 0.667484375 0.7573749999999999 0.012484375000000015 0.018722222222222248
1 0.171140625 0.4869861111111111 0.01640625 0.01923611111111114
1 0.748046875 0.9210138888888889 0.014617187500000028 0.025583333333333434
1 0.9305 0.5413055555555556 0.022093750000000155 0.02301388888888896