1 0.6743203125 0.7513055555555557 0.009015624999999972 0.02720833333333322
1 0.5419921875 0.4440138888888889 0.007937500000000064 0.02126388888888881
1 0.6684609375 0.5065138888888889 0.012289062500000014 0.023416666666666686
1 0.7490234375 0.6375833333333334 0.01743749999999995 0.020611111111111156
1 0.733890625 0.46831944444444445 0.013843750000000021 0.026805555555555492
1 0.4150390625 0.24913888888888888 0.008218749999999986 0.02529166666666664
1 0.8330078125 0.7356805555555557 0.015671874999999957 0.02461111111111115
0 0.6850625 0.4583333333333333 0.004296875 0.007847222222222191
1 0.714359375 0.4900138888888889 0.011421874999999915 0.019166666666666603
1 0.172609375 0.48915277777777777 0.008156249999999999 0.016597222222222284
1 0.921875 0.5412361111111111 0.012671874999999843 0.02134722222222223
1 0.7319375 0.921875 0.015015625000000022 0.02752777777777769
1 0.8442421875000001 0.4713611111111111 0.01602343750000017 0.02862500000000002