1 0.6572265625 0.6510416666666666 0.01646093749999995 0.020222222222222145
1 0.498046875 0.2855972222222222 0.011374999999999958 0.02234722222222219
1 0.57959375 0.41384722222222226 0.0154296875 0.02762499999999998
0 0.3125 0.277125 0.004523437499999972 0.008958333333333318
1 0.60303125 0.319875 0.00912500000000005 0.01991666666666663
1 0.7197265625 0.3274722222222222 0.015835937499999987 0.025194444444444426
1 0.43628125000000006 0.22959722222222223 0.007664062499999957 0.01455555555555558
1 0.6547890625 0.5768194444444444 0.013023437500000058 0.021430555555555487
1 0.3212890625 0.2569444444444444 0.012054687499999961 0.02826388888888892
1 0.55078125 0.8836805555555556 0.011687500000000028 0.02461111111111115
1 0.806640625 0.4635416666666667 0.01596093749999996 0.019763888888888914
1 0.521484375 0.48047222222222224 0.007148437500000071 0.022347222222222265
1 0.6161875 0.7069861111111111 0.00988281250000007 0.015569444444444495