1 0.156859375 0.48394444444444445 0.014789062500000005 0.019986111111111093
1 0.39819531249999995 0.24956944444444445 0.010734374999999963 0.024055555555555545
1 0.72021875 0.5529583333333333 0.013429687500000042 0.023597222222222235
1 0.9477578125000001 0.5651111111111111 0.020062499999999872 0.026583333333333313
1 0.724609375 0.46918055555555555 0.019687500000000035 0.029166666666666667
1 0.5263671875 0.5251805555555555 0.01085937500000007 0.01879166666666663
1 0.8408203125 0.8242222222222223 0.014789062499999872 0.03054166666666668
0 0.7631875 0.5329861111111112 0.003914062499999993 0.0076944444444443936
1 0.70459375 0.5585972222222222 0.01615625000000005 0.021513888888888902
1 0.636234375 0.7677916666666665 0.013953124999999922 0.035666666666666756
1 0.7939453125 0.9244861111111111 0.012867187499999932 0.023875000000000077
1 0.779296875 0.6592916666666666 0.018125000000000037 0.019611111111111117
1 0.8505859375 0.5525138888888889 0.019164062500000155 0.030194444444444458