1 0.23828125 0.227 0.014734375000000011 0.021111111111111094
1 0.36840625 0.5 0.013070312500000014 0.024805555555555574
1 0.3728046875 0.7916666666666666 0.009562500000000007 0.022194444444444468
1 0.3786640625 0.23568055555555556 0.0119140625 0.026291666666666675
1 0.399171875 0.5104166666666666 0.010406250000000039 0.01923611111111114
1 0.324953125 0.6215277777777778 0.010492187499999962 0.02045833333333336
1 0.3607578125 0.7008611111111112 0.021367187500000016 0.029486111111111137
1 0.27734375 0.8467916666666667 0.010695312500000043 0.02333333333333327
1 0.354734375 0.5711805555555556 0.010007812499999958 0.020611111111111156
1 0.1173671875 0.4635416666666667 0.01182812499999999 0.01686111111111109
1 0.3855 0.4145 0.013796874999999976 0.02538888888888885
1 0.757328125 0.5308194444444444 0.015249999999999986 0.02461111111111115
0 0.3768828125 0.7156527777777778 0.005757812500000003 0.011319444444444491