1 0.615234375 0.4366388888888889 0.015781250000000035 0.022708333333333365
1 0.2290078125 0.4522638888888889 0.012570312500000024 0.017458333333333402
1 0.8061562500000001 0.38758333333333334 0.015835937499999987 0.02159722222222216
1 0.875 0.5499166666666666 0.020601562499999913 0.021749999999999957
1 0.703125 0.6045972222222222 0.013374999999999915 0.019527777777777703
1 0.7734375 0.6705694444444444 0.014117187499999951 0.029833333333333358
1 0.6899453125 0.3925833333333334 0.01205468750000005 0.023055555555555586
1 0.6762734375 0.7378472222222222 0.011687500000000028 0.01615277777777793
1 0.6611328125 0.8923611111111112 0.01489843749999995 0.029166666666666667
1 0.7016640625 0.425125 0.014117187499999951 0.027111111111111086
1 0.5634765625 0.33355555555555555 0.010781249999999964 0.03090277777777778
1 0.43530468750000006 0.24783333333333332 0.008445312499999958 0.025097222222222212
0 0.5666171875 0.3432638888888889 0.0030781250000000426 0.005861111111111149