1 0.39721875 0.5416666666666666 0.009898437499999968 0.016527777777777745
1 0.5258828125 0.1981388888888889 0.008218749999999986 0.024805555555555574
1 0.46753125000000006 0.3995277777777778 0.010007812499999958 0.020222222222222145
1 0.6040078125 0.6935833333333333 0.010570312499999979 0.019986111111111093
1 0.4340859375 0.625 0.011593749999999936 0.031986111111111076
1 0.3649921875 0.18087499999999998 0.011374999999999958 0.02369444444444445
1 0.59765625 0.41015277777777776 0.010054687499999914 0.021930555555555505
1 0.4384765625 0.7647638888888889 0.011687500000000028 0.028486111111111097
1 0.2641640625 0.7104999999999999 0.013070312500000014 0.023874999999999997
1 0.14209375 0.5512222222222222 0.01219531250000001 0.016222222222222152
1 0.48168749999999994 0.5104166666666666 0.013328124999999958 0.024236111111111173
1 0.5017265625 0.7669444444444445 0.009398437499999978 0.019513888888888827
0 0.3709765625 0.17718055555555554 0.003593750000000018 0.008874999999999982