1 0.23010156249999997 0.22005555555555556 0.01353125000000004 0.02369444444444445
1 0.417484375 0.6549444444444444 0.010695312500000043 0.02013888888888889
1 0.4873046875 0.24544444444444444 0.015367187500000056 0.033750000000000016
1 0.0719609375 0.5325555555555556 0.020367187499999995 0.023499999999999945
1 0.7797890625 0.5403611111111111 0.018617187499999945 0.022277777777777726
1 0.2602578125 0.43511111111111106 0.016156249999999962 0.023875000000000077
0 0.45808593750000004 0.7324999999999999 0.005039062500000036 0.009722222222222222
1 0.5756875 0.7044305555555557 0.009054687499999936 0.021597222222222236
1 0.63428125 0.5607638888888888 0.011640625000000071 0.03184722222222215
1 0.323734375 0.8420138888888888 0.00834374999999996 0.022805555555555655
1 0.38015625000000003 0.40258333333333335 0.022171874999999997 0.028847222222222198
1 0.58203125 0.30404166666666665 0.009195312499999986 0.023597222222222235
1 0.4913671875 0.8342638888888888 0.013859375000000007 0.03236111111111105