1 0.124203125 0.4752638888888889 0.014554687499999996 0.019847222222222172
1 0.42260937500000006 0.45008333333333334 0.013898437499999972 0.025874999999999995
0 0.5161171875 0.7947083333333335 0.004312499999999986 0.008013888888888864
1 0.44214062500000006 0.7335138888888889 0.010648437500000085 0.020944444444444342
1 0.2622109375 0.2647638888888889 0.016281250000000025 0.03813888888888886
1 0.44604687500000006 0.2517361111111111 0.010609374999999944 0.025194444444444426
1 0.41284375000000006 0.8354999999999999 0.011734374999999986 0.03113888888888899
1 0.8002968750000001 0.5959166666666667 0.019015625000000026 0.02038888888888882
1 0.501953125 0.8051250000000001 0.014281249999999978 0.021513888888888902
1 0.52734375 0.4522638888888889 0.017578125 0.033361111111111084
1 0.3089921875 0.8229166666666666 0.0138671875 0.02574999999999995
1 0.45190625000000006 0.5295138888888888 0.0073203124999999146 0.013472222222222285
1 0.4983515625 0.6605694444444444 0.020101562500000014 0.02456944444444452