1 0.3908671875 0.222875 0.010492187499999962 0.02577777777777778
1 0.47778124999999994 0.257375 0.010945312499999993 0.026902777777777782
1 0.565921875 0.6740416666666667 0.011554687499999971 0.01923611111111114
1 0.41186718750000006 0.5355972222222222 0.013796875000000064 0.027000000000000076
1 0.46703906249999994 0.7209166666666665 0.009781249999999986 0.019847222222222172
1 0.4350625 0.4255694444444445 0.010007812499999958 0.021430555555555487
1 0.3872109375 0.6432361111111111 0.014007812499999961 0.01843055555555553
1 0.546875 0.4409722222222222 0.011734374999999986 0.01991666666666671
1 0.3620625 0.5473055555555556 0.011421875000000003 0.016930555555555633
1 0.23596093749999997 0.7148472222222223 0.013898437499999972 0.01843055555555553
1 0.2211953125 0.5282083333333334 0.016281250000000025 0.02069444444444441
0 0.5219765625 0.6888055555555556 0.003976562499999936 0.008013888888888864
1 0.4130859375 0.8463611111111111 0.010367187499999986 0.025694444444444443