1 0.386328 0.843750 0.010156 0.023611
1 0.262500 0.407639 0.012500 0.020833
1 0.412109 0.208333 0.008594 0.022222
1 0.436328 0.739583 0.008594 0.023611
1 0.220703 0.644444 0.013281 0.019444
1 0.453516 0.377778 0.010156 0.019444
1 0.351562 0.565972 0.010938 0.015278
1 0.509766 0.596528 0.011719 0.018056
1 0.479688 0.262500 0.010937 0.022222
1 0.365625 0.436806 0.010937 0.020833
1 0.579688 0.487500 0.012500 0.016667
1 0.402344 0.506250 0.014062 0.026389
0 0.313671875 0.48125 0.00546875 0.009722222222222222