1 0.5771484375 0.829 0.00867187499999993 0.03426388888888899
1 0.5844765625 0.4908888888888889 0.01478906250000005 0.02509722222222229
1 0.1560078125 0.48654166666666665 0.015835937499999987 0.021513888888888902
1 0.7172890625 0.8025138888888889 0.015718749999999913 0.023875000000000077
1 0.7475625 0.5629305555555556 0.016218749999999994 0.021180555555555557
1 0.698734375 0.6493055555555556 0.011328125 0.01850000000000007
1 0.3763046875 0.2690694444444444 0.011953124999999964 0.026652777777777775
1 0.44471875 0.6941388888888889 0.01459375000000005 0.020930555555555626
1 0.8505859375 0.46875 0.015015624999999843 0.015611111111111124
1 0.9516640625000001 0.6362916666666667 0.024843750000000143 0.016152777777777773
1 0.8681640625 0.9565972222222222 0.021820312499999873 0.0371388888888889
0 0.8583984375 0.9427083333333334 0.004984375000000085 0.008958333333333396
1 0.895109375 0.7954305555555556 0.018882812500000058 0.03854166666666667