1 0.099671875 0.48394444444444445 0.020296874999999992 0.020305555555555563
1 0.476078125 0.5225694444444444 0.008921875000000056 0.02045833333333336
1 0.6865234375 0.5616388888888889 0.012195312499999921 0.0196805555555555
1 0.20837500000000003 0.1440972222222222 0.012921874999999972 0.02350000000000002
1 0.40405468750000006 0.875 0.008953125000000029 0.02168055555555542
1 0.705078125 0.7139722222222221 0.010984374999999958 0.02443055555555552
0 0.474125 0.5308194444444444 0.004539062499999957 0.011055555555555607
1 0.6196328125 0.1752361111111111 0.010367187499999986 0.023597222222222214
1 0.272703125 0.23568055555555556 0.010695312500000043 0.022527777777777817
1 0.44067187499999994 0.648 0.007062499999999972 0.013944444444444395
1 0.6015625 0.8476527777777777 0.008093749999999922 0.01622222222222231
1 0.8271484375 0.5212638888888889 0.013843749999999844 0.025291666666666716
1 0.486328125 0.1618888888888889 0.013796875000000064 0.03347222222222224