1 0.4482421875 0.73525 0.011117187500000014 0.02305555555555543
1 0.3955078125 0.43966666666666665 0.009195312499999986 0.01772222222222221
1 0.38403125 0.5603333333333333 0.011031250000000003 0.019611111111111117
1 0.5107421875 0.4778611111111111 0.010734375000000008 0.021749999999999957
1 0.43896875 0.48047222222222224 0.015304687499999936 0.026902777777777782
0 0.3046875 0.38259722222222226 0.004164062500000032 0.008013888888888864
1 0.4521484375 0.22959722222222223 0.008984375 0.021597222222222236
1 0.6001015625 0.5529583333333333 0.013484374999999993 0.029263888888888957
1 0.2993203125 0.6180555555555556 0.01417187499999999 0.01808333333333331
1 0.3740234375 0.7404583333333333 0.011374999999999958 0.026486111111111023
1 0.45434374999999994 0.6219583333333334 0.009742187500000022 0.023875000000000077
1 0.2941875 0.3287777777777778 0.009601562499999971 0.01731944444444448
1 0.487796875 0.28125 0.008617187499999979 0.01822222222222223