1 0.705078 0.715278 0.011719 0.027778
1 0.825000 0.520833 0.015625 0.025000
1 0.484375 0.162500 0.014062 0.033333
1 0.602734 0.840278 0.008594 0.027778
1 0.405078 0.872222 0.011719 0.022222
1 0.209766 0.147917 0.013281 0.023611
1 0.439063 0.648611 0.007812 0.016667
1 0.098828 0.482639 0.017969 0.020833
1 0.687890625 0.5618055555555556 0.01015625 0.02361111111111111
1 0.618359 0.174306 0.010156 0.023611
1 0.271875 0.227083 0.012500 0.020833
1 0.47531249999999997 0.5160972222222222 0.011828125000000078 0.02112500000000005
0 0.473437 0.533333 0.004688 0.008333