1 0.4379921875 0.7421944444444445 0.009335937500000035 0.022097222222222337
1 0.3967265625 0.4320694444444444 0.010289062499999968 0.025
1 0.49438281249999994 0.27581944444444445 0.0078125 0.024236111111111094
1 0.3850078125 0.5611944444444444 0.014554687499999996 0.018013888888888926
1 0.44555468749999994 0.22656944444444443 0.008953125000000029 0.02443055555555552
1 0.45581250000000006 0.5894166666666667 0.010289062500000057 0.024708333333333284
1 0.42651562500000006 0.47005555555555556 0.013632812500000036 0.026583333333333313
1 0.49365625 0.4424861111111111 0.009523437500000042 0.025694444444444443
1 0.3771953125 0.7877638888888889 0.009054687500000025 0.023875000000000077
1 0.2619609375 0.5924444444444444 0.012671875000000022 0.017597222222222167
1 0.5786171875 0.5664027777777778 0.012101562500000006 0.022708333333333365
0 0.2836953125 0.35829166666666673 0.004132812499999972 0.006930555555555568
1 0.278078125 0.31098611111111113 0.015718750000000004 0.01808333333333331