1 0.595703125 0.7647638888888889 0.00971093750000005 0.021430555555555644
1 0.6611328125 0.4991388888888889 0.017179687500000006 0.030194444444444458
1 0.8618203125000001 0.5473055555555556 0.016843749999999956 0.01673611111111105
0 0.8442421875000001 0.9314305555555555 0.005140624999999943 0.009277777777777866
1 0.7125859375 0.5607638888888888 0.011367187499999964 0.02045833333333336
1 0.8647500000000001 0.8867222222222223 0.014898437500000129 0.027000000000000076
1 0.849609375 0.9444444444444444 0.016156249999999872 0.035541666666666555
1 0.94921875 0.6328194444444445 0.022890625000000143 0.01843055555555553
1 0.1560078125 0.48741666666666666 0.0140625 0.01850000000000007
1 0.4978515625 0.6193472222222223 0.006945312500000078 0.024847222222222205
1 0.7585546875 0.7521944444444445 0.014937499999999914 0.04027777777777778
1 0.3941484375 0.2503472222222222 0.013460937500000015 0.021958333333333337
1 0.7222265625000001 0.5601527777777778 0.011023437499999922 0.01959722222222224