1 0.47827343750000006 0.4513888888888889 0.014554687500000085 0.0257777777777777
1 0.3674296875 0.3292083333333333 0.011554687499999971 0.01865277777777779
1 0.5024453125 0.6289027777777778 0.008921875000000056 0.020861111111111087
1 0.536625 0.273875 0.010171874999999986 0.023416666666666686
1 0.43871874999999994 0.413625 0.010210937499999951 0.017875000000000005
1 0.4223671875 0.5928888888888889 0.008343750000000049 0.01843055555555553
0 0.468265625 0.5169305555555556 0.004367187499999936 0.0076944444444443936
1 0.5122109375 0.7226527777777777 0.007515624999999915 0.01998611111111125
1 0.562015625 0.5629305555555556 0.008000000000000007 0.01700000000000001
1 0.5224609375 0.4722222222222222 0.007484374999999943 0.020611111111111156
1 0.4033203125 0.7777777777777778 0.007578125000000035 0.01541666666666654
1 0.45911718749999997 0.24595833333333333 0.01638281250000002 0.01980555555555554
1 0.6606484375 0.5802916666666667 0.009671875000000085 0.03648611111111109