1 0.327390625 0.6618888888888889 0.012101562500000006 0.02159722222222216
1 0.41528124999999994 0.5243055555555556 0.009601562499999971 0.02598611111111116
1 0.2294921875 0.217125 0.01353125000000004 0.019013888888888886
1 0.21521093750000003 0.453125 0.013484374999999993 0.026694444444444482
1 0.18115625 0.6267361111111112 0.017046874999999996 0.025
1 0.3408203125 0.6306388888888889 0.012828124999999968 0.018152777777777847
1 0.7490234375 0.5464444444444444 0.014617187500000028 0.023597222222222235
1 0.0642734375 0.5112916666666667 0.020890625000000006 0.021847222222222247
1 0.34375 0.8363750000000001 0.012429687499999975 0.026194444444444305
1 0.374265625 0.38672222222222224 0.015304687500000025 0.027000000000000076
1 0.4052734375 0.34005555555555556 0.011164062499999971 0.019680555555555576
1 0.223875 0.859375 0.013898437499999972 0.022805555555555655
0 0.21510156249999998 0.4616666666666666 0.006695312500000039 0.00905555555555553