1 0.54834375 0.7109444444444445 0.011687500000000028 0.02305555555555551
1 0.50390625 0.5208333333333334 0.010171874999999986 0.019527777777777703
1 0.4516640625 0.8259583333333335 0.01146875000000005 0.022013888888888763
1 0.6513671875 0.6827222222222222 0.014117187499999951 0.01991666666666671
1 0.33203125 0.7855972222222222 0.00923437500000004 0.019388888888888938
1 0.288328125 0.26887500000000003 0.012054687499999961 0.028152777777777752
1 0.8510781250000001 0.5494861111111111 0.021242187500000044 0.02461111111111115
1 0.5883828125 0.7582500000000001 0.016023437499999994 0.024805555555555418
0 0.6997109375 0.45052777777777775 0.004570312499999929 0.010472222222222171
1 0.126828125 0.47265277777777776 0.012867187499999978 0.019305555555555524
1 0.57421875 0.2957916666666667 0.015835937499999987 0.02826388888888892
1 0.46362500000000006 0.4574722222222222 0.012968749999999928 0.024902777777777708
1 0.7060546875 0.4303333333333333 0.010984374999999958 0.023055555555555586