1 0.43823437500000006 0.413625 0.009859374999999915 0.01597222222222222
1 0.5356484375 0.2756111111111111 0.01049218750000005 0.02443055555555552
1 0.47778124999999994 0.4522638888888889 0.014390625000000056 0.02509722222222229
1 0.50146875 0.6293472222222222 0.00929687500000007 0.02013888888888889
1 0.66015625 0.5850694444444444 0.010734375000000008 0.021930555555555505
1 0.45874218750000006 0.2465277777777778 0.011328125 0.020305555555555563
1 0.51171875 0.7243888888888889 0.008640624999999957 0.02397222222222221
1 0.366703125 0.33181944444444444 0.011031250000000003 0.015916666666666638
1 0.42163281250000006 0.5933194444444444 0.008375000000000021 0.01829166666666661
1 0.5625 0.5620694444444444 0.008414062499999986 0.025291666666666716
0 0.4677734375 0.5177916666666667 0.003992187499999922 0.006958333333333321
1 0.5219765625 0.47179166666666666 0.006984375000000043 0.019166666666666603
1 0.40210156250000006 0.7782083333333333 0.011687500000000028 0.018930555555555707