1 0.3933125 0.24783333333333332 0.010984374999999958 0.027319444444444466
1 0.7094765625 0.5564305555555555 0.013898437499999972 0.01829166666666661
1 0.1566171875 0.4835138888888889 0.014789062500000005 0.018930555555555548
1 0.947265625 0.5824722222222222 0.02351562499999993 0.021180555555555557
1 0.7841796875 0.6649305555555556 0.012289062500000014 0.02397222222222221
1 0.51953125 0.555125 0.009414062499999964 0.03691666666666672
0 0.7758828125 0.5920138888888888 0.004164062499999943 0.007097222222222241
1 0.8061562500000001 0.9253472222222222 0.016585937500000016 0.023416666666666527
1 0.6259765625 0.7591111111111111 0.010210937499999951 0.020944444444444342
1 0.5180703125 0.5438333333333334 0.007062499999999972 0.011763888888888926
1 0.8520546875000001 0.5620694444444444 0.016156249999999872 0.02773611111111115
1 0.7085 0.4730972222222222 0.016843749999999956 0.031986111111111076
1 0.8411796875 0.8467916666666667 0.019070312499999888 0.03319444444444457