1 0.3671875 0.33268055555555553 0.011421875000000003 0.021180555555555557
1 0.5029296875 0.6284722222222222 0.00929687500000007 0.019527777777777703
1 0.5376015625 0.2736527777777778 0.010328125000000021 0.023055555555555586
1 0.4794921875 0.4513888888888889 0.014499999999999957 0.025194444444444426
0 0.4692421875 0.5169305555555556 0.004453125000000035 0.008069444444444369
1 0.5634765625 0.5625 0.007968750000000035 0.01772222222222221
1 0.5131875 0.71875 0.005515624999999957 0.013680555555555429
1 0.439453125 0.413625 0.009562500000000007 0.017069444444444394
1 0.4052734375 0.78125 0.011164062499999971 0.025
1 0.42334375 0.5928888888888889 0.008218749999999986 0.018722222222222248
1 0.5234375 0.47091666666666665 0.007460937499999964 0.019083333333333345
1 0.45824999999999994 0.24544444444444444 0.011554687499999971 0.018361111111111147
1 0.6626015625 0.5889722222222222 0.012382812499999929 0.05199999999999992