1 0.6782265625 0.5616388888888889 0.009562500000000007 0.02102777777777776
1 0.7094765625 0.7191805555555555 0.01085937500000007 0.0231527777777778
1 0.20592968749999999 0.15983333333333333 0.015601562500000022 0.034527777777777754
1 0.8354531250000001 0.5225694444444444 0.017242187500000127 0.025874999999999995
1 0.44555468749999994 0.6440972222222222 0.012867187500000021 0.021930555555555505
1 0.62109375 0.1733888888888889 0.012828125000000056 0.026083333333333354
1 0.2641640625 0.31206944444444445 0.012921874999999972 0.025694444444444443
1 0.4868203125 0.15787500000000002 0.014335937499999929 0.03198611111111111
1 0.0907578125 0.48568055555555556 0.020367187500000005 0.020222222222222145
1 0.47943749999999996 0.49875 0.00998437499999998 0.02056944444444437
1 0.387453125 0.8693611111111111 0.009453125000000017 0.018013888888888926
1 0.603515625 0.8897638888888889 0.008289062499999921 0.01673611111111105
0 0.5025390625 0.6553472222222223 0.004429687500000057 0.00777777777777781