1 0.12408593750000001 0.47352777777777777 0.012921875000000017 0.01991666666666671
1 0.4790078125 0.5243055555555556 0.012484375000000015 0.02397222222222221
1 0.2785625 0.2725694444444444 0.016023437499999994 0.03150000000000001
1 0.435546875 0.8363750000000001 0.010570312499999979 0.03125
1 0.583984375 0.6914027777777778 0.022367187500000087 0.025194444444444426
1 0.5649453125 0.7729999999999999 0.013632812500000036 0.027944444444444293
1 0.322265625 0.8055555555555556 0.01124218749999999 0.024055555555555466
0 0.615234375 0.6610277777777778 0.0041015625 0.007472222222222216
1 0.8334921874999999 0.5968472222222222 0.014281250000000157 0.03447222222222229
1 0.6281328125 0.43598611111111113 0.019148437499999994 0.02297222222222217
1 0.5166015625 0.28580555555555553 0.016664062499999945 0.04459722222222224
1 0.5057265625 0.7305694444444444 0.01947656250000005 0.017930555555555668
1 0.44503125 0.4572638888888889 0.019132812500000006 0.03154166666666672