1 0.710453125 0.5594583333333334 0.010984374999999958 0.017125000000000057
1 0.8544921875 0.5611944444444444 0.01945312500000007 0.02069444444444441
1 0.3908671875 0.24544444444444444 0.009273437500000004 0.020861111111111087
1 0.9487343750000001 0.632375 0.02351562499999993 0.018930555555555548
1 0.76171875 0.7348055555555555 0.017851562499999928 0.022527777777777817
1 0.503421875 0.5982361111111112 0.015601562500000022 0.02673611111111111
0 0.8154296875 0.796875 0.005039062499999858 0.009027777777777777
1 0.67334375 0.4943611111111111 0.016843749999999956 0.026583333333333313
1 0.72021875 0.55425 0.00803124999999998 0.010069444444444445
1 0.8559609375000001 0.90625 0.014671875000000157 0.02538888888888885
1 0.8422890625000001 0.9409722222222222 0.01640625 0.021930555555555505
1 0.1571015625 0.48394444444444445 0.01634375000000001 0.01865277777777771
1 0.601765625 0.75625 0.009187499999999993 0.024861111111111237