1 0.42358593750000006 0.24522222222222223 0.018374999999999985 0.0272083333333333
1 0.3029296875 0.8331388888888889 0.01714062500000004 0.01931944444444456
1 0.41332812499999994 0.44834722222222223 0.014554687500000085 0.025486111111111143
1 0.41186718750000006 0.7222222222222222 0.011687500000000028 0.019680555555555656
1 0.4794921875 0.8029583333333333 0.013953124999999922 0.03159722222222222
1 0.4829140625 0.45529166666666665 0.009523437500000042 0.016486111111111118
1 0.46020312499999994 0.6401944444444444 0.010945312499999993 0.021513888888888902
1 0.43921093750000006 0.5325555555555556 0.012148437499999965 0.0257777777777777
1 0.25809375 0.2514444444444444 0.01610156250000001 0.02215277777777776
1 0.404296875 0.8155416666666667 0.011640625000000026 0.020069444444444508
1 0.791015625 0.5807361111111111 0.01799218750000007 0.01923611111111114
1 0.12705468749999999 0.477 0.01749999999999998 0.02069444444444441
0 0.48328125 0.8034305555555556 0.004085937500000014 0.008819444444444317