1 0.451171875 0.7474027777777777 0.013218750000000057 0.0323333333333333
1 0.38428125 0.5173611111111112 0.014617187500000028 0.027861111111111034
1 0.35303125 0.6119861111111111 0.011734374999999986 0.021180555555555557
1 0.44848437499999994 0.2543472222222222 0.013070312500000014 0.02773611111111115
1 0.3981953125 0.20443055555555556 0.01182812499999999 0.021180555555555557
1 0.5712890625 0.4255694444444445 0.014117187499999951 0.03540277777777779
0 0.42725 0.6645 0.0041015625 0.0074027777777778345
1 0.42260937500000006 0.39691666666666664 0.011554687499999971 0.021513888888888902
1 0.23254687500000001 0.4826388888888889 0.012429687499999975 0.02126388888888881
1 0.343015625 0.5091111111111111 0.008617187499999979 0.016527777777777745
1 0.390625 0.8493888888888889 0.013375000000000003 0.029944444444444367
1 0.54834375 0.6401944444444444 0.008617187499999979 0.015069444444444476
1 0.22185937500000003 0.6759861111111111 0.016890625000000003 0.020847222222222208