1 0.8388671875 0.7712638888888889 0.015835937499999987 0.02762500000000014
1 0.40698437500000006 0.24718055555555554 0.007695312499999929 0.019166666666666683
1 0.935546875 0.5364583333333334 0.025328125000000055 0.02201388888888892
1 0.6626015625 0.7586805555555556 0.011687500000000028 0.019847222222222172
1 0.679203125 0.5408055555555555 0.0154296875 0.018361111111111147
1 0.538578125 0.4756944444444444 0.008578125000000015 0.023777777777777783
1 0.724609375 0.523 0.011289062500000035 0.01886111111111117
1 0.7666015625 0.6415 0.01489843749999995 0.01808333333333331
1 0.745609375 0.4600694444444444 0.016664062499999945 0.02538888888888885
0 0.72021875 0.461375 0.004250000000000043 0.008013888888888864
1 0.7607421875 0.9201388888888888 0.010367187499999986 0.022527777777777817
1 0.853515625 0.5 0.016156249999999872 0.029944444444444367
1 0.1689453125 0.4869861111111111 0.016984375000000006 0.018722222222222248