0 0.19653125 0.7243888888888889 0.004179687500000018 0.007347222222222172
1 0.23010156249999997 0.21581944444444442 0.015078124999999965 0.018583333333333327
1 0.42992968749999994 0.8654583333333333 0.009898437500000056 0.03184722222222231
1 0.0633515625 0.5533888888888889 0.012624999999999997 0.014444444444444413
1 0.2004375 0.8020833333333334 0.011289062500000013 0.018652777777777865
1 0.48217968750000006 0.33225 0.013328124999999958 0.024902777777777788
1 0.17175 0.5642361111111112 0.016460937499999995 0.018152777777777847
1 0.468265625 0.6853333333333333 0.011593749999999936 0.019986111111111093
1 0.427734375 0.3116388888888889 0.016984375000000006 0.028944444444444408
1 0.21935937499999997 0.43793055555555555 0.016585937500000016 0.02762499999999998
1 0.8042031250000001 0.5408055555555555 0.01930468750000003 0.024236111111111173
1 0.3865390625 0.7041388888888889 0.011992187500000018 0.033013888888888863
1 0.5200703125 0.4928194444444444 0.010218749999999943 0.023111111111111093