1 0.740234375 0.9192777777777777 0.01146875000000005 0.021750000000000113
1 0.8481484375000001 0.47830555555555554 0.017046875000000128 0.016527777777777745
0 0.6938515625 0.4587638888888889 0.004148437499999958 0.008388888888888838
1 0.9228515625 0.5390694444444445 0.024570312499999858 0.02069444444444441
1 0.7172890625 0.5039027777777778 0.012382812499999929 0.03252777777777772
1 0.4145546875 0.250875 0.009968749999999993 0.02397222222222221
1 0.1748046875 0.4900138888888889 0.016218749999999994 0.021111111111111174
1 0.541015625 0.45269444444444445 0.008476562499999929 0.019013888888888966
1 0.6728515625 0.7530416666666667 0.00971093750000005 0.023236111111111138
1 0.7563515625 0.6349861111111111 0.014554687500000085 0.019083333333333345
1 0.673828125 0.5186666666666666 0.010289062500000057 0.016222222222222152
1 0.8369140625 0.7486944444444443 0.0149531249999999 0.020388888888888977
1 0.7392578125 0.4704861111111111 0.011242187500000079 0.028722222222222153