1 0.4609375 0.5299444444444444 0.008781250000000008 0.02038888888888882
1 0.46410937499999994 0.7387222222222222 0.01400781250000005 0.024152777777777915
1 0.31128125 0.8190138888888889 0.009296874999999982 0.01945833333333332
1 0.564453125 0.44575 0.0119140625 0.02013888888888889
1 0.5302734375 0.67275 0.010906250000000029 0.01991666666666671
1 0.2673359375 0.2621527777777778 0.015249999999999986 0.024333333333333308
0 0.5390625 0.7899305555555556 0.0049218749999999645 0.008625000000000051
1 0.4296875 0.4522638888888889 0.012625000000000063 0.02538888888888885
1 0.46899218749999994 0.2621527777777778 0.01615625000000005 0.023777777777777783
1 0.8125 0.5976527777777778 0.014898437500000129 0.0196805555555555
1 0.123171875 0.47352777777777777 0.013273437500000007 0.01779166666666659
1 0.42003124999999997 0.8300000000000001 0.015640624999999984 0.022111111111111213
1 0.5241328125 0.7891805555555556 0.01582812499999999 0.029638888888888774