1 0.43921093750000006 0.2243888888888889 0.010367187499999986 0.02201388888888892
1 0.3928203125 0.4164444444444444 0.010328125000000021 0.021847222222222247
1 0.486328125 0.4127638888888889 0.008617187499999979 0.021430555555555487
1 0.5009765625 0.27040277777777777 0.007664062499999957 0.022708333333333365
1 0.46508593749999994 0.5733472222222222 0.009273437499999915 0.01700000000000001
1 0.42504687499999994 0.4752638888888889 0.013796875000000064 0.02731944444444439
1 0.3732890625 0.5677083333333334 0.012726562499999972 0.02045833333333336
1 0.5703125 0.5668472222222222 0.010820312499999929 0.025694444444444443
1 0.43871874999999994 0.7456666666666667 0.011507812500000015 0.028263888888888762
1 0.276609375 0.33831944444444445 0.015132812500000004 0.028944444444444408
1 0.2421875 0.6054722222222222 0.01478906249999996 0.019388888888888938
1 0.383546875 0.8159722222222222 0.013124999999999965 0.029486111111111137
0 0.2794609375 0.3431111111111111 0.006374999999999975 0.011625000000000007