1 0.479687 0.501389 0.009375 0.030556
1 0.837109 0.521528 0.016406 0.023611
1 0.446094 0.643750 0.014062 0.020833
1 0.708594 0.718750 0.010938 0.023611
1 0.485938 0.157639 0.012500 0.031944
1 0.38984375 0.8694444444444445 0.0140625 0.022222222222222223
1 0.205859 0.157639 0.014844 0.026389
1 0.090234 0.484028 0.019531 0.018056
1 0.603516 0.895833 0.010156 0.030556
1 0.678125 0.561111 0.009375 0.019444
1 0.620313 0.173611 0.012500 0.025000
1 0.262891 0.310417 0.011719 0.023611
0 0.509375 0.655556 0.003125 0.005556