1 0.23278906250000003 0.21636111111111112 0.014554687499999996 0.03261111111111114
1 0.483890625 0.8802083333333334 0.010648437500000085 0.03341666666666659
1 0.244140625 0.39193055555555556 0.013328124999999958 0.016416666666666736
1 0.0718359375 0.507375 0.018156250000000006 0.01808333333333331
1 0.22400000000000003 0.5021666666666667 0.0154296875 0.02369444444444437
1 0.45922656249999994 0.27234722222222224 0.015015625000000022 0.029624999999999978
1 0.7978515625 0.555125 0.014226562500000029 0.024805555555555574
1 0.2795390625 0.8389722222222221 0.013585937499999989 0.020069444444444508
1 0.542484375 0.33008333333333334 0.012101562500000006 0.02397222222222221
1 0.513671875 0.6697083333333333 0.013796875000000064 0.02159722222222216
1 0.5844765625 0.5117222222222222 0.009164062500000014 0.01923611111111114
0 0.4073203125 0.7064305555555556 0.005960937500000085 0.00987499999999994
1 0.4147421875 0.7023472222222222 0.0146484375 0.02418055555555551