1 0.800391 0.538194 0.017969 0.023611
1 0.425781 0.859028 0.007812 0.018056
1 0.064844 0.556250 0.018750 0.015278
1 0.217969 0.434028 0.014063 0.020833
1 0.230469 0.217361 0.015625 0.018056
1 0.515625 0.493750 0.012500 0.020833
1 0.197266 0.798611 0.016406 0.019444
1 0.384375 0.701389 0.009375 0.022222
1 0.168750 0.564583 0.018750 0.020833
1 0.464844 0.686806 0.007812 0.023611
1 0.425000 0.311806 0.014062 0.026389
1 0.479687 0.328472 0.009375 0.018056
0 0.18203125 0.6888888888888889 0.0046875 0.008333333333333333