1 0.390140625 0.23480555555555555 0.009296874999999982 0.023874999999999997
1 0.1238984375 0.47179166666666666 0.014617187499999984 0.021111111111111174
1 0.24303906249999999 0.23198611111111112 0.012773437500000017 0.02077777777777775
1 0.39209375 0.4290416666666667 0.0140625 0.025194444444444426
0 0.42176562500000003 0.7554444444444444 0.005289062499999986 0.010791666666666642
1 0.3833046875 0.601125 0.010648437499999996 0.023875000000000077
1 0.763671875 0.5512222222222222 0.02006250000000005 0.01886111111111117
1 0.40210156250000006 0.48525 0.013484374999999993 0.02333333333333327
1 0.3498515625 0.6679722222222222 0.012570312500000024 0.0209444444444445
1 0.41089062500000006 0.5130277777777777 0.009671875000000085 0.018361111111111147
1 0.3837890625 0.7994861111111111 0.008000000000000007 0.020861111111111087
1 0.413203125 0.725 0.01389062499999998 0.030805555555555565
1 0.282625 0.8446388888888888 0.01732031249999997 0.01934722222222231