1 0.42114062499999994 0.24869444444444444 0.009414062499999964 0.023416666666666686
1 0.5439453125 0.4181805555555555 0.00803124999999998 0.01843055555555553
1 0.1859140625 0.48394444444444445 0.017640624999999986 0.0209444444444445
0 0.66553125 0.45529166666666665 0.004414062500000071 0.007874999999999943
1 0.6767578125 0.7421944444444445 0.011554687499999971 0.029166666666666667
1 0.661625 0.4787361111111111 0.011328125 0.019763888888888914
1 0.9038125000000001 0.5399305555555556 0.02089062499999983 0.021930555555555505
1 0.70703125 0.4713611111111111 0.011242187500000079 0.0228055555555555
1 0.818359375 0.7109444444444445 0.018343750000000013 0.02598611111111116
1 0.7275390625 0.4600694444444444 0.014171875000000079 0.026194444444444465
1 0.7373046875 0.6271666666666667 0.016343750000000056 0.021430555555555487
1 0.833984375 0.4513888888888889 0.016664062499999945 0.04218055555555556
1 0.7109375 0.907125 0.014835937500000007 0.022875000000000038