1 0.12445312500000001 0.4739583333333333 0.013070312500000014 0.020305555555555563
1 0.3239765625 0.8020833333333334 0.010984374999999958 0.02397222222222221
1 0.5712890625 0.7690972222222222 0.014554687500000085 0.0235000000000001
1 0.43969531249999994 0.8315972222222222 0.011640625000000071 0.022527777777777817
1 0.599125 0.6888055555555556 0.012007812499999914 0.019847222222222172
0 0.640625 0.6041666666666666 0.004468750000000021 0.008652777777777803
1 0.515625 0.7295972222222221 0.010132812500000022 0.022194444444444468
1 0.44995312500000006 0.45790277777777777 0.016023437499999994 0.026083333333333295
1 0.2790546875 0.2795138888888889 0.016781250000000015 0.04443055555555557
1 0.5283203125 0.28320833333333334 0.01489843749999995 0.029833333333333358
1 0.833984375 0.5907083333333334 0.019117187499999844 0.027430555555555555
1 0.480765625 0.5205555555555555 0.0166015625 0.021208333333333308
1 0.646 0.43772222222222223 0.019015624999999935 0.019388888888888938