1 0.42016406249999994 0.2450138888888889 0.007874999999999943 0.019611111111111117
1 0.6626015625 0.48047222222222224 0.012531249999999971 0.01865277777777771
1 0.7290078125 0.4622361111111111 0.012726562499999972 0.026194444444444465
1 0.5444375 0.4262222222222222 0.009273437499999915 0.02102777777777776
1 0.8237343750000001 0.7152777777777778 0.014390625000000056 0.019680555555555576
1 0.9067421875000001 0.5403611111111111 0.023562499999999886 0.02102777777777776
1 0.7412109375 0.6310833333333333 0.015835937499999987 0.023875000000000077
1 0.7085 0.4722222222222222 0.01146875000000005 0.025
1 0.1821328125 0.48306944444444444 0.014835937500000007 0.019611111111111117
0 0.6689453125 0.4557361111111111 0.004609375000000071 0.008958333333333396
1 0.67725 0.7430555555555556 0.011070312500000058 0.028375000000000088
1 0.8374062500000001 0.45443055555555556 0.017046875000000128 0.03209722222222224
1 0.7172890625 0.9131944444444444 0.010007812499999958 0.026486111111111023