1 0.4521484375 0.6675416666666667 0.009375 0.02102777777777776
1 0.675296875 0.5703194444444445 0.010734375000000008 0.020611111111111156
1 0.0863046875 0.48568055555555556 0.02076562499999999 0.02126388888888881
1 0.8359375 0.5512222222222222 0.019273437500000056 0.025486111111111143
1 0.47875781249999994 0.4605 0.008414062499999986 0.019527777777777703
1 0.20837500000000003 0.17469444444444446 0.01395312500000001 0.02762499999999998
1 0.2583046875 0.3430972222222222 0.013429687500000042 0.0272083333333333
1 0.6157265625 0.19031944444444446 0.012101562500000006 0.03150000000000001
0 0.6040078125 0.7178888888888889 0.004312499999999986 0.008513888888889041
1 0.38671875 0.8615416666666665 0.010609375000000032 0.022097222222222337
1 0.48999218750000006 0.16797222222222222 0.01548437499999995 0.03065277777777777
1 0.661625 0.7447916666666666 0.009898437500000056 0.018361111111111147
1 0.6016250000000001 0.8908472222222221 0.012460937500000036 0.018944444444444583