1 0.683109375 0.5438333333333334 0.014554687500000085 0.019388888888888938
1 0.724609375 0.5247361111111111 0.01085937500000007 0.019013888888888966
1 0.84003125 0.7781805555555555 0.017578125 0.028111111111111125
1 0.40771875 0.24783333333333332 0.010648437500000085 0.023597222222222235
1 0.8525390625 0.5056388888888889 0.016585937500000016 0.01822222222222223
1 0.7685546875 0.6401944444444444 0.019015624999999935 0.01850000000000007
1 0.66015625 0.7599861111111111 0.012671875000000022 0.02297222222222217
0 0.7275390625 0.4622361111111111 0.0043984375000000854 0.007874999999999943
1 0.5376015625 0.48047222222222224 0.00806249999999995 0.01843055555555553
1 0.9389687500000001 0.5377638888888889 0.021359375000000114 0.02461111111111115
1 0.1684609375 0.48741666666666666 0.017640624999999986 0.01850000000000007
1 0.7646484375 0.9201388888888888 0.011687500000000028 0.018652777777777865
1 0.7465859375 0.4587638888888889 0.021531249999999957 0.029166666666666667