1 0.5576171875 0.46615277777777775 0.011031249999999914 0.021847222222222247
1 0.5888671875 0.8897638888888889 0.011781249999999943 0.024055555555555466
1 0.525390625 0.3114166666666667 0.006960937500000064 0.021847222222222247
1 0.6435546875 0.3263888888888889 0.009929687500000029 0.023416666666666686
1 0.7006875 0.6458333333333334 0.0173828125 0.01923611111111114
1 0.626953125 0.41774999999999995 0.014953125000000077 0.028722222222222153
1 0.6513671875 0.7139722222222221 0.011687500000000028 0.020222222222222145
1 0.658203125 0.5772638888888889 0.012671875000000022 0.019305555555555524
1 0.8305703125000001 0.5060833333333333 0.017304687500000072 0.021513888888888902
0 0.4052734375 0.30186111111111114 0.004085937500000014 0.007736111111111102
1 0.7543984375 0.3524305555555556 0.01652343750000007 0.025486111111111143
1 0.440921875 0.25 0.008882812499999915 0.01622222222222223
1 0.287109375 0.39193055555555556 0.013429687500000042 0.03398611111111115