1 0.8662109375 0.5013055555555556 0.0177734375 0.019166666666666603
1 0.3903828125 0.26237499999999997 0.010289062499999968 0.021847222222222247
1 0.9506875000000001 0.6358472222222222 0.026000000000000155 0.018722222222222248
1 0.7373046875 0.7855972222222222 0.014499999999999957 0.023416666666666527
1 0.1547890625 0.4835138888888889 0.016023437499999994 0.02134722222222223
1 0.888671875 0.8302916666666665 0.015898437499999928 0.02159722222222216
1 0.740234375 0.5625 0.012531249999999971 0.03366666666666668
1 0.4716796875 0.6688333333333334 0.011875000000000035 0.028833333333333322
1 0.61475 0.5043472222222222 0.018265625000000084 0.02773611111111115
1 0.583984375 0.8116388888888889 0.006265624999999986 0.022875000000000038
0 0.8466796875 0.9340277777777778 0.0048828125 0.009347222222222248
1 0.8530312500000001 0.9470555555555555 0.018429687500000114 0.03916666666666673
1 0.698203125 0.6250555555555556 0.017789062499999987 0.033166666666666664