0 0.475391 0.531250 0.002344 0.004167
1 0.477344 0.512500 0.006250 0.011111
1 0.485156 0.158333 0.014062 0.027778
1 0.620703 0.172917 0.010156 0.023611
1 0.267578 0.263194 0.011719 0.023611
1 0.205078 0.153472 0.013281 0.023611
1 0.097266 0.480556 0.017969 0.019444
1 0.389844 0.872222 0.012500 0.022222
1 0.441015625 0.6472222222222223 0.00859375 0.019444444444444445
1 0.593359375 0.8777777777777778 0.00859375 0.041666666666666664
1 0.710156 0.719444 0.014062 0.022222
1 0.680469 0.565278 0.009375 0.019444
1 0.826172 0.518750 0.016406 0.026389