1 0.6977578125 0.6033055555555555 0.01791406250000005 0.019013888888888966
1 0.5654296875 0.33325 0.008187500000000014 0.031027777777777744
1 0.2333984375 0.453125 0.01634374999999997 0.028944444444444488
1 0.76953125 0.6601527777777778 0.01791406250000005 0.023597222222222235
1 0.43628125000000006 0.24761111111111112 0.009453124999999929 0.026999999999999996
1 0.6762734375 0.7382777777777777 0.012234375000000065 0.016597222222222284
1 0.8022500000000001 0.3869305555555555 0.019789062499999944 0.025
1 0.689453125 0.3886666666666666 0.011828125000000078 0.02077777777777783
1 0.6982421875 0.4285972222222222 0.014117187499999951 0.02837499999999993
1 0.873046875 0.5507777777777778 0.017718749999999873 0.02297222222222217
1 0.6591796875 0.8897638888888889 0.014734374999999921 0.019847222222222172
1 0.6123046875 0.43641666666666673 0.013070312500000014 0.01850000000000007