1 0.424703125 0.24491666666666667 0.010820312499999929 0.01831944444444444
1 0.7265625 0.444875 0.012773437499999929 0.030763888888888858
1 0.7309609375 0.6245694444444444 0.013632812500000036 0.01945833333333332
1 0.7016640625 0.45443055555555556 0.011328125 0.02509722222222229
1 0.5473671875 0.4079861111111111 0.008742187500000043 0.019013888888888966
1 0.8095703125 0.69575 0.017992187500000156 0.029944444444444367
1 0.8994140625 0.5442777777777777 0.014281250000000157 0.020611111111111156
1 0.6591796875 0.46570833333333334 0.010734375000000008 0.03090277777777778
1 0.828125 0.4318611111111111 0.018765624999999987 0.023499999999999945
1 0.7016640625 0.9027777777777778 0.014617187500000028 0.026291666666666755
1 0.1929921875 0.4809027777777778 0.01628124999999998 0.022097222222222178
1 0.6772578125 0.7368888888888888 0.012257812500000043 0.017347222222222236
0 0.6578359375 0.4540555555555556 0.005874999999999986 0.011319444444444413