1 0.538578125 0.27344444444444443 0.010171874999999986 0.02350000000000002
1 0.505375 0.6085138888888889 0.008640624999999957 0.02077777777777783
1 0.3583984375 0.3802083333333333 0.012726562499999972 0.020541666666666618
1 0.45824999999999994 0.24630555555555556 0.012101562500000006 0.021597222222222236
1 0.4453125 0.43706944444444445 0.010531250000000015 0.0209444444444445
1 0.5629921875 0.563375 0.008289062499999921 0.019305555555555524
1 0.47925000000000006 0.45095833333333335 0.014171875000000079 0.02538888888888885
1 0.64990625 0.5138888888888888 0.011640625000000071 0.025874999999999995
1 0.4677734375 0.5243055555555556 0.011960937499999958 0.022527777777777817
1 0.409671875 0.7612916666666667 0.011421874999999915 0.020305555555555403
0 0.44409375000000006 0.5820277777777778 0.004203125000000085 0.007263888888888914
1 0.429203125 0.5451388888888888 0.007937500000000064 0.018930555555555548
1 0.487796875 0.6840277777777778 0.0078125 0.011277777777777784