1 0.5278359375 0.23633333333333334 0.010289062500000057 0.02529166666666664
1 0.5048828125 0.4053888888888889 0.009015624999999972 0.025291666666666716
1 0.39672656250000005 0.5685833333333333 0.00978125000000003 0.02262499999999995
1 0.46655468750000006 0.5342916666666666 0.012625000000000063 0.02648611111111118
1 0.4516640625 0.8515694444444445 0.010609374999999944 0.03426388888888899
0 0.5419921875 0.4283888888888889 0.003929687499999978 0.00816666666666666
1 0.58740625 0.4431388888888889 0.008742187500000043 0.023416666666666686
1 0.4306640625 0.5933194444444444 0.010734375000000008 0.020541666666666618
1 0.5810546875 0.6987916666666667 0.012234375000000065 0.019305555555555524
1 0.48608593750000006 0.7560833333333333 0.008578125000000015 0.016597222222222284
1 0.18371875 0.5724861111111111 0.011289062499999992 0.019013888888888966
1 0.36596875 0.257375 0.007343749999999982 0.013999999999999978
1 0.2785625 0.7178888888888889 0.011031250000000003 0.022097222222222258