1 0.5288125 0.5169305555555556 0.00929687500000007 0.016152777777777773
1 0.156984375 0.48177777777777775 0.013843750000000021 0.01879166666666663
1 0.8403359375000001 0.8194444444444444 0.016726562499999886 0.023777777777777627
1 0.39965625 0.25 0.008124999999999983 0.020611111111111077
1 0.642578125 0.7621527777777778 0.009968749999999993 0.019083333333333345
0 0.7587890625 0.5117222222222222 0.0040390625000000565 0.008791666666666724
1 0.7231484375 0.5473055555555556 0.010984374999999958 0.01629166666666669
1 0.7778359375 0.6566805555555556 0.015304687499999936 0.022527777777777817
1 0.786625 0.92275 0.016781250000000015 0.021430555555555644
1 0.9462890625 0.5611944444444444 0.020523437499999984 0.021749999999999957
1 0.7348671875 0.46658333333333335 0.01743749999999995 0.02762499999999998
1 0.7021484375 0.5546944444444445 0.010781249999999964 0.017125000000000057
1 0.849609375 0.5412361111111111 0.016585937500000016 0.01886111111111117