1 0.435546875 0.21929166666666663 0.008781250000000008 0.025486111111111143
1 0.48120312500000006 0.40234722222222224 0.009929687500000029 0.020541666666666618
1 0.23229687499999999 0.6145833333333334 0.013632812500000036 0.021847222222222247
1 0.2719765625 0.33941666666666664 0.011468749999999962 0.019763888888888914
1 0.42407031249999994 0.484375 0.013898437499999972 0.02648611111111118
1 0.43823437500000006 0.7404583333333333 0.009085937500000085 0.01879166666666663
1 0.57178125 0.5564305555555555 0.013070312500000014 0.02134722222222223
1 0.388671875 0.41233333333333333 0.008984375 0.016527777777777745
1 0.47265625 0.5746527777777778 0.009164062500000014 0.019527777777777703
1 0.369875 0.5672777777777778 0.010984374999999958 0.018722222222222248
1 0.3850078125 0.8246527777777778 0.011117187500000014 0.022875000000000038
1 0.50146875 0.26584722222222223 0.008125000000000071 0.027861111111111114
0 0.2736796875 0.35829166666666673 0.005078125 0.009680555555555593