0 0.3278828125 0.507375 0.004250000000000043 0.008458333333333377
1 0.40551562499999994 0.20508333333333334 0.009453124999999929 0.025194444444444426
1 0.2563515625 0.43120833333333336 0.0119140625 0.018722222222222248
1 0.5869140625 0.4587638888888889 0.012625000000000063 0.02461111111111115
1 0.4418984375 0.37912500000000005 0.007515624999999915 0.018722222222222248
1 0.46362500000000006 0.25825 0.011203124999999935 0.025583333333333354
1 0.218015625 0.6532083333333334 0.0140625 0.019013888888888966
1 0.348390625 0.48394444444444445 0.011781250000000031 0.029166666666666667
1 0.38403125 0.8441805555555555 0.012101562500000006 0.02315277777777788
1 0.3466796875 0.5672777777777778 0.01478906249999996 0.0228055555555555
1 0.3903828125 0.5052083333333334 0.014835937500000007 0.025486111111111143
1 0.52734375 0.6037361111111111 0.00639062500000005 0.011277777777777784
1 0.437015625 0.7391527777777779 0.0063437499999999146 0.02045833333333336