0 0.474921875 0.5311944444444444 0.005054687500000021 0.010847222222222147
1 0.2678203125 0.265625 0.01317187500000001 0.0272083333333333
1 0.440921875 0.6471388888888889 0.007874999999999943 0.019305555555555524
1 0.6806640625 0.5651111111111111 0.009632812499999944 0.02201388888888892
1 0.3909765625 0.86825 0.014164062499999996 0.025263888888888964
1 0.7109375 0.7178888888888889 0.012867187500000021 0.022097222222222258
1 0.620609375 0.17372222222222222 0.012570312499999936 0.025986111111111123
1 0.5927734375 0.8797777777777779 0.010132812500000022 0.03276388888888877
1 0.8266640625000001 0.5190972222222222 0.017304687500000072 0.02731944444444439
1 0.0974140625 0.48047222222222224 0.020062500000000004 0.020861111111111087
1 0.4853515625 0.15961111111111112 0.015187500000000043 0.03458333333333334
1 0.2065 0.15290277777777778 0.017093749999999998 0.023069444444444462
1 0.47827343750000006 0.5145138888888888 0.008750000000000036 0.021138888888888926