1 0.172656 0.639583 0.018750 0.020833
1 0.054688 0.522917 0.017187 0.018056
1 0.230469 0.217361 0.014062 0.018056
1 0.335156 0.665972 0.009375 0.018056
1 0.343750 0.637500 0.010938 0.013889
1 0.742578 0.550694 0.011719 0.020833
1 0.423828125 0.51875 0.01015625 0.018055555555555554
1 0.340234 0.821528 0.011719 0.020833
1 0.219922 0.446528 0.014844 0.015278
1 0.412500 0.354861 0.009375 0.020833
1 0.214844 0.861111 0.010937 0.019444
1 0.373828 0.386111 0.014844 0.025000
0 0.200000 0.501389 0.004687 0.008333