1 0.4145546875 0.250875 0.011421874999999915 0.02045833333333336
1 0.71875 0.5078194444444445 0.011328125 0.01843055555555553
1 0.671390625 0.7560833333333333 0.009632812499999944 0.01731944444444448
1 0.5419921875 0.46484722222222224 0.009632812499999944 0.03315277777777778
1 0.92578125 0.5399305555555556 0.026156250000000013 0.021430555555555487
0 0.698734375 0.45920833333333333 0.0043828124999999215 0.008319444444444457
1 0.6748046875 0.5225694444444444 0.009859374999999915 0.01700000000000001
1 0.7583046875 0.6358472222222222 0.01478906250000005 0.019527777777777703
1 0.8374062500000001 0.7543472222222222 0.0154296875 0.03159722222222222
1 0.1740703125 0.4878472222222222 0.01379687500000002 0.017125000000000057
1 0.740234375 0.4678888888888889 0.012968749999999928 0.02762499999999998
1 0.8510781250000001 0.48394444444444445 0.016156249999999872 0.017388888888888863
1 0.743671875 0.9174583333333334 0.01801562499999996 0.02733333333333342