1 0.525390625 0.20116666666666666 0.008578125000000015 0.02598611111111108
1 0.3969765625 0.5438333333333334 0.009601562499999971 0.017069444444444394
1 0.599609375 0.36697222222222226 0.010132812500000022 0.023416666666666686
1 0.42260937500000006 0.6076388888888888 0.010609374999999944 0.019527777777777703
1 0.42553906250000006 0.7478333333333335 0.010648437500000085 0.02452777777777789
1 0.48949999999999994 0.7604166666666666 0.00971093750000005 0.0334722222222221
1 0.4384765625 0.40320833333333334 0.011687500000000028 0.02262499999999995
0 0.37621875 0.16981944444444444 0.005320312499999957 0.01051388888888888
1 0.5927734375 0.6853333333333333 0.010609374999999944 0.02038888888888882
1 0.132078125 0.5373333333333333 0.014007812500000005 0.01923611111111114
1 0.48046875 0.4861111111111111 0.013632812500000036 0.024333333333333308
1 0.2583046875 0.7222222222222222 0.014499999999999957 0.033361111111111084
1 0.37008593749999996 0.15618055555555557 0.011007812500000025 0.02063888888888887