1 0.36475 0.2665 0.0078125 0.016736111111111125
1 0.43139843750000006 0.7052916666666665 0.010820312499999929 0.02219444444444439
1 0.5727578125 0.48480555555555555 0.01615625000000005 0.0257777777777777
1 0.94921875 0.6362916666666667 0.026304687500000055 0.01850000000000007
1 0.8896484375 0.7625833333333333 0.014335937499999929 0.02126388888888881
1 0.153078125 0.48741666666666666 0.01905468749999999 0.015666666666666627
1 0.73584375 0.5611944444444444 0.019687500000000035 0.02102777777777776
1 0.8393593750000001 0.44705555555555554 0.017437500000000127 0.021180555555555557
1 0.5610390625 0.8263888888888888 0.009781249999999986 0.017597222222222323
1 0.869140625 0.9505277777777777 0.0219843749999999 0.01998611111111125
1 0.6962890625 0.6497361111111111 0.013023437500000058 0.020305555555555563
0 0.8603515625 0.9479166666666666 0.005960937500000085 0.009069444444444406
1 0.7055703125 0.8064305555555555 0.009164062500000014 0.012375000000000113