1 0.6254921875 0.5303888888888889 0.012867187500000021 0.019166666666666603
1 0.4814453125 0.4164444444444444 0.01353124999999995 0.029833333333333358
1 0.4536171875 0.5642361111111112 0.008445312499999958 0.019611111111111117
1 0.39721875000000006 0.3493888888888889 0.01078125000000001 0.022097222222222216
1 0.47729687500000006 0.3385416666666667 0.010210937499999951 0.02598611111111108
1 0.4575234375 0.25543055555555555 0.008812499999999978 0.017875000000000005
1 0.50928125 0.4583333333333333 0.016023437499999994 0.023875000000000077
1 0.55225 0.6597222222222222 0.018984374999999963 0.023777777777777783
1 0.4560546875 0.8333333333333334 0.011117187500000014 0.020305555555555403
1 0.7465859375 0.5811666666666666 0.014499999999999957 0.022708333333333365
1 0.5157578125 0.7076527777777778 0.012109375 0.01583333333333338
0 0.546875 0.65625 0.003976562499999936 0.0074027777777778345
1 0.6138359375 0.27258333333333334 0.011593749999999936 0.02543055555555556