1 0.40210156250000006 0.2105 0.010289062500000012 0.029624999999999978
1 0.3813515625 0.5121527777777778 0.0140625 0.029486111111111137
1 0.5927734375 0.42795833333333333 0.011421874999999915 0.029833333333333358
1 0.451171875 0.2575972222222222 0.008812499999999978 0.026805555555555572
0 0.3402578125 0.5311805555555555 0.0056406250000000215 0.009611111111111055
1 0.343265625 0.5885416666666666 0.01395312500000001 0.019083333333333345
1 0.43237500000000006 0.3854166666666667 0.013429687500000042 0.0224444444444444
1 0.215578125 0.6605972222222222 0.01395312500000001 0.0224444444444444
1 0.383546875 0.8454861111111112 0.015078124999999965 0.02244444444444456
1 0.5400390625 0.6150138888888889 0.009929687500000029 0.01765277777777783
1 0.24670312499999997 0.45790277777777777 0.016023437499999994 0.028833333333333322
1 0.3364609375 0.5225972222222222 0.016999999999999994 0.024236111111111173
1 0.44140625 0.7539027777777777 0.007843749999999972 0.014833333333333422