1 0.6782265625 0.5620694444444444 0.008921875000000056 0.02038888888888882
1 0.44018750000000006 0.6475694444444444 0.007789062500000022 0.01879166666666663
1 0.7094765625 0.7204861111111112 0.012195312499999921 0.024708333333333284
1 0.2028828125 0.15516666666666667 0.018874999999999996 0.01801388888888889
1 0.390625 0.8728333333333335 0.012382812500000017 0.024152777777777915
1 0.2646484375 0.29665277777777777 0.013632812500000036 0.01923611111111114
1 0.0900859375 0.48568055555555556 0.019085937500000004 0.019013888888888966
1 0.620609375 0.17502777777777778 0.013374999999999915 0.02762500000000002
1 0.6005859375 0.8897638888888889 0.010249999999999915 0.02159722222222216
1 0.486328125 0.15961111111111112 0.014554687500000085 0.033472222222222216
1 0.833984375 0.5260416666666666 0.012335937499999972 0.023875000000000077
1 0.4766328125 0.5254722222222222 0.010757812499999986 0.02820833333333326
0 0.4592421875 0.5961388888888889 0.005210937500000057 0.009666666666666717