1 0.41284375000000006 0.43706944444444445 0.014390625000000056 0.028722222222222153
1 0.5087890625 0.3118472222222222 0.01146875000000005 0.024055555555555545
1 0.40405468750000006 0.34049999999999997 0.010171874999999986 0.021750000000000033
1 0.5376015625 0.7131111111111111 0.011687500000000028 0.03173611111111106
1 0.4287109375 0.5234444444444445 0.011328125 0.02201388888888892
1 0.581546875 0.63325 0.010132812500000022 0.020069444444444508
1 0.646 0.5512222222222222 0.014554687500000085 0.023597222222222235
1 0.495609375 0.3977916666666667 0.013632812500000036 0.030763888888888858
1 0.7602578125 0.5338611111111111 0.016781250000000015 0.022347222222222265
1 0.44604687500000006 0.24804166666666666 0.009085937500000085 0.016486111111111118
1 0.48315625000000006 0.8545972222222221 0.012484375000000015 0.022527777777777817
1 0.6335859375 0.2474583333333333 0.01177343749999995 0.02965277777777781
0 0.4165234375 0.4538472222222222 0.007585937500000028 0.011361111111111042