1 0.45874218750000006 0.6783888888888889 0.008781250000000008 0.024527777777777735
1 0.8588906250000001 0.48568055555555556 0.016921874999999885 0.01879166666666663
1 0.6958046875 0.6436666666666666 0.011203124999999935 0.020069444444444508
1 0.5835 0.8268194444444443 0.008289062499999921 0.03355555555555567
1 0.15490625 0.4861111111111111 0.0173828125 0.021930555555555505
1 0.7329140625 0.7947083333333335 0.011734374999999986 0.025291666666666716
1 0.951171875 0.6341111111111111 0.023421875000000016 0.016486111111111118
1 0.6001015625 0.49609722222222224 0.0154296875 0.02598611111111116
1 0.3837890625 0.26540277777777777 0.008515624999999982 0.019166666666666683
1 0.8940468750000001 0.8155416666666667 0.017640624999999945 0.026083333333333295
1 0.7475625 0.555125 0.012382812499999929 0.01879166666666663
1 0.8627968750000001 0.9565972222222222 0.018828124999999928 0.04300000000000005
0 0.8552109375000001 0.9395277777777779 0.004453124999999858 0.010361111111111161