1 0.40600781250000006 0.5199722222222222 0.008882812499999915 0.019388888888888938
1 0.3361796875 0.6163194444444444 0.010007812499999958 0.021180555555555557
1 0.22936718749999999 0.21669444444444447 0.013585937499999989 0.01886111111111109
1 0.323 0.6415 0.012007812500000003 0.018722222222222248
1 0.34375 0.8324722222222222 0.010859374999999982 0.02369444444444437
1 0.23498437499999997 0.8537361111111111 0.012968750000000018 0.019763888888888914
1 0.21862499999999999 0.4557361111111111 0.012671875000000022 0.024527777777777735
1 0.1953125 0.6202222222222222 0.016781250000000015 0.022194444444444468
1 0.75146875 0.5377638888888889 0.01615625000000005 0.021847222222222247
1 0.39770312499999994 0.32140277777777776 0.011289062499999992 0.025
1 0.371828125 0.38911111111111113 0.016921874999999975 0.02773611111111115
1 0.07146875 0.500875 0.023468749999999993 0.03559722222222222
0 0.226015625 0.4663472222222222 0.005539062500000025 0.01033333333333341