1 0.3754921875 0.2721388888888889 0.012570312500000024 0.027430555555555555
1 0.3872109375 0.5160555555555556 0.009375 0.01850000000000007
1 0.10034375 0.4643888888888889 0.021578125000000004 0.022208333333333347
0 0.2958046875 0.48613888888888884 0.0052812499999999925 0.009861111111111143
1 0.3317890625 0.5473055555555556 0.012531249999999971 0.01808333333333331
1 0.378171875 0.3849861111111111 0.014898437500000038 0.02509722222222229
1 0.236328125 0.22265277777777778 0.012570312500000024 0.022708333333333365
1 0.3278828125 0.5989583333333334 0.015367187499999968 0.021680555555555574
1 0.751953125 0.5151944444444444 0.019374999999999965 0.023777777777777783
1 0.287875 0.4730694444444445 0.021445312500000036 0.019722222222222287
1 0.266359375 0.8485277777777779 0.012968750000000018 0.022875000000000038
1 0.354734375 0.8055555555555556 0.009710937499999961 0.01541666666666654
1 0.26159374999999996 0.6615416666666667 0.011929687499999985 0.019791666666666666