1 0.9497109375000001 0.63325 0.02253906249999993 0.01772222222222221
1 0.75928125 0.7478333333333335 0.014171875000000079 0.030194444444444458
1 0.1560078125 0.4869861111111111 0.0140625 0.02013888888888889
1 0.8637734375000001 0.8940972222222222 0.015187500000000043 0.020222222222222145
1 0.6645546875 0.49695833333333334 0.01640625 0.030194444444444458
1 0.5986328125 0.7677916666666665 0.00929687500000007 0.035000000000000066
1 0.8501015625000001 0.9444444444444444 0.015132812499999915 0.03204166666666658
1 0.3911171875 0.24630555555555556 0.00828906250000001 0.013361111111111117
1 0.49975781250000006 0.6127083333333333 0.013171874999999921 0.028250000000000046
0 0.8413125000000001 0.9149305555555556 0.004906250000000156 0.00909722222222216
1 0.8604921875 0.5520833333333334 0.017359374999999844 0.018152777777777847
1 0.7113515625 0.5596111111111112 0.009734375000000028 0.015486111111111079
1 0.7211015625 0.5593472222222222 0.008335937500000057 0.012847222222222222