1 0.718265625 0.55425 0.009054687499999936 0.01673611111111105
1 0.39209375 0.2443611111111111 0.010984374999999958 0.023416666666666686
1 0.6225625 0.7539027777777777 0.008546875000000042 0.016930555555555633
1 0.84375 0.8580694444444443 0.015718749999999913 0.0257777777777777
1 0.7094765625 0.5577222222222222 0.01146875000000005 0.020541666666666618
1 0.1573515625 0.4826388888888889 0.015078125000000008 0.018722222222222248
1 0.5185546875 0.5555555555555556 0.010570312499999979 0.03276388888888893
1 0.7856484375 0.6723055555555556 0.013171874999999921 0.02134722222222223
1 0.8129921875000001 0.9279583333333333 0.016781250000000015 0.026375000000000013
1 0.702640625 0.47352777777777777 0.020023437500000085 0.02837499999999993
0 0.780765625 0.6132777777777778 0.004234375000000057 0.007555555555555631
1 0.8520546875000001 0.5664027777777778 0.016664062499999945 0.02134722222222223
1 0.9526406250000001 0.5881111111111111 0.021242187500000044 0.019847222222222172