1 0.288421875 0.26537499999999997 0.0169921875 0.023777777777777783
1 0.126828125 0.47352777777777777 0.012531250000000016 0.019527777777777703
1 0.5913125 0.7586805555555556 0.014335937499999929 0.026902777777777626
1 0.3337421875 0.7838611111111111 0.010492187499999962 0.020944444444444342
1 0.4560546875 0.8324722222222222 0.010820312499999929 0.032472222222222374
1 0.5532265625 0.7070277777777778 0.015304687499999936 0.023499999999999945
1 0.5830078125 0.30165277777777777 0.014117187499999951 0.030194444444444458
1 0.712890625 0.42925 0.014617187500000028 0.028486111111111097
1 0.4658203125 0.4574722222222222 0.013843750000000021 0.024236111111111173
1 0.5068359375 0.5217083333333333 0.016343750000000056 0.02159722222222216
1 0.6611328125 0.6796944444444445 0.017101562500000077 0.021111111111111174
1 0.8530312500000001 0.5403611111111111 0.023023437499999844 0.0257777777777777
0 0.7069453125 0.4438472222222222 0.005046875000000029 0.008500000000000006