1 0.63525 0.7614305555555556 0.013070312500000014 0.02358333333333336
1 0.841796875 0.8246527777777778 0.014453125 0.03545833333333329
1 0.39867968749999994 0.25022222222222223 0.011328124999999956 0.02529166666666664
1 0.5258828125 0.5282083333333334 0.010984374999999958 0.018722222222222248
0 0.7646484375 0.5373333333333333 0.004554687499999943 0.007763888888888933
1 0.15771875 0.48220833333333335 0.014835937500000007 0.019166666666666603
1 0.7195 0.5510555555555555 0.012468750000000028 0.017166666666666684
1 0.7058671875 0.5559861111111111 0.017765625000000007 0.030402777777777758
1 0.947265625 0.5664027777777778 0.0198359374999999 0.02826388888888892
1 0.7954140625000001 0.9262222222222222 0.013375000000000003 0.022097222222222337
1 0.779296875 0.6597222222222222 0.019500000000000028 0.01991666666666671
1 0.7255859375 0.47005555555555556 0.01771875000000005 0.028152777777777752
1 0.8505859375 0.5581666666666667 0.020523437499999984 0.03466666666666672