1 0.5263671875 0.21408333333333332 0.011328125 0.026375000000000013
1 0.396 0.5442777777777777 0.009234374999999994 0.021430555555555487
1 0.6020546875 0.7122361111111111 0.011640625000000071 0.022277777777777726
1 0.3596171875 0.26519444444444445 0.014390624999999968 0.021847222222222247
1 0.166625 0.563375 0.011421875000000003 0.015138888888888858
1 0.4321328125 0.6067777777777777 0.010984374999999958 0.021680555555555574
1 0.5009765625 0.7565138888888889 0.0119140625 0.034527777777777637
1 0.572265625 0.44336111111111115 0.015671874999999957 0.029486111111111137
1 0.466796875 0.5368888888888889 0.011960937499999958 0.028152777777777752
1 0.4541015625 0.8203194444444445 0.009601562499999971 0.021930555555555505
1 0.49438281249999994 0.4079861111111111 0.00982031249999995 0.022347222222222265
0 0.56640625 0.4461805555555556 0.0051015624999999785 0.008222222222222166
1 0.28125 0.7443611111111111 0.013843750000000021 0.025694444444444443