1 0.12621875 0.48004166666666664 0.012382812500000017 0.019847222222222172
1 0.3752421875 0.7335138888888889 0.010820312500000017 0.020541666666666618
1 0.733890625 0.35330555555555554 0.018906250000000034 0.041472222222222244
0 0.81175 0.8038472222222222 0.0038750000000000286 0.008124999999999874
1 0.89453125 0.6067777777777777 0.023726562499999916 0.020069444444444508
1 0.5185546875 0.46744444444444444 0.0154296875 0.026805555555555492
1 0.650390625 0.6145833333333334 0.012234375000000065 0.02069444444444441
1 0.6201171875 0.546875 0.015718749999999913 0.021847222222222247
1 0.3251953125 0.27418055555555554 0.015304687500000025 0.02826388888888892
1 0.8168984375000001 0.5581666666666667 0.01640625 0.026583333333333313
1 0.5048828125 0.8111944444444443 0.00717187500000005 0.016805555555555428
1 0.6383046875 0.798625 0.010164062499999993 0.024597222222222274
1 0.788578125 0.6158888888888889 0.016921875000000065 0.03241666666666671