1 0.388281 0.848611 0.009375 0.025000
1 0.235156 0.479861 0.015625 0.023611
1 0.423438 0.393056 0.009375 0.019444
1 0.57578125 0.41944444444444445 0.0125 0.025
1 0.343750 0.510417 0.010938 0.018056
1 0.445703 0.747222 0.008594 0.019444
1 0.349219 0.604861 0.012500 0.018056
1 0.218359 0.666667 0.011719 0.022222
1 0.546875 0.636806 0.010938 0.020833
1 0.397656 0.204861 0.009375 0.020833
1 0.446484 0.256250 0.008594 0.026389
0 0.414844 0.644444 0.004688 0.008333
1 0.382422 0.513194 0.013281 0.023611