1 0.61084375 0.7087638888888889 0.008289062499999921 0.01388888888888881
1 0.49609375 0.28623611111111114 0.00982031249999995 0.022194444444444468
1 0.5478515625 0.8845555555555555 0.012828125000000056 0.02752777777777769
1 0.5732421875 0.4145 0.014453125 0.029833333333333358
1 0.4360390625 0.23047222222222222 0.008851562499999943 0.016347222222222197
1 0.6533203125 0.6484444444444445 0.010289062500000057 0.01765277777777783
1 0.654296875 0.5768194444444444 0.013171874999999921 0.02201388888888892
1 0.599125 0.31966666666666665 0.007609375000000007 0.013888888888888888
1 0.8012734375000001 0.4618055555555556 0.021359375000000024 0.022708333333333365
0 0.3076171875 0.27994444444444444 0.003781250000000025 0.008361111111111087
1 0.5161171875 0.48480555555555555 0.011828125000000078 0.028152777777777752
1 0.7158203125 0.31858333333333333 0.012671875000000022 0.019166666666666683
1 0.324953125 0.2506527777777778 0.013023437499999967 0.029166666666666667