1 0.3879375 0.7295972222222221 0.009164062500000014 0.018930555555555707
1 0.1317109375 0.48654166666666665 0.015835937499999987 0.020541666666666618
1 0.53125 0.4704861111111111 0.014671874999999978 0.026805555555555492
0 0.8276406250000001 0.8680555555555556 0.004328124999999972 0.008652777777777803
1 0.3349609375 0.2732222222222222 0.01411718750000004 0.024333333333333308
1 0.8432656250000001 0.6015694444444445 0.014226562500000029 0.02862500000000002
1 0.9126015625000001 0.6341111111111111 0.023421875000000016 0.019166666666666603
1 0.6513671875 0.8116388888888889 0.015304687499999936 0.035000000000000066
1 0.6528359375 0.5590277777777778 0.01743749999999995 0.03727777777777782
1 0.8125 0.7222222222222222 0.016664062499999945 0.028375000000000008
1 0.5141640625 0.8116388888888889 0.010648437500000085 0.015361111111111036
1 0.7626953125 0.36068055555555556 0.01724218749999995 0.02102777777777776
1 0.659671875 0.6171944444444445 0.015249999999999986 0.02038888888888882