1 0.12445312500000001 0.47483333333333333 0.01628124999999998 0.02159722222222216
1 0.286375 0.8459166666666665 0.013023437499999967 0.02598611111111116
1 0.40307812500000006 0.6141527777777778 0.011507812500000015 0.01822222222222223
1 0.41577343750000006 0.5199722222222222 0.008984375 0.01886111111111117
1 0.43237500000000006 0.7595555555555555 0.016218749999999994 0.040013888888888814
1 0.39917187500000006 0.23633333333333334 0.01583593750000003 0.029486111111111137
1 0.24621875000000001 0.2369861111111111 0.0119140625 0.018152777777777768
1 0.42065625000000006 0.4756944444444444 0.014281249999999978 0.0224444444444444
1 0.36596875 0.6827222222222222 0.01478906249999996 0.022708333333333365
1 0.39721875 0.43445833333333334 0.012429687499999975 0.02262499999999995
1 0.3896484375 0.8038194444444444 0.009414062499999964 0.025
1 0.771 0.5577222222222222 0.017851562499999928 0.01808333333333331
0 0.4376875 0.7720972222222222 0.0046875 0.00926388888888899