1 0.52490625 0.20193055555555553 0.008953125000000029 0.029166666666666667
1 0.4829140625 0.3997361111111111 0.010781249999999964 0.022097222222222178
1 0.395265625 0.5412361111111111 0.009054687500000025 0.01673611111111105
0 0.45922656249999994 0.3066388888888889 0.004148437499999958 0.008819444444444475
1 0.6118203125 0.7165833333333335 0.014117187499999951 0.026805555555555492
1 0.571828125 0.43436111111111114 0.014148437499999921 0.024333333333333308
1 0.451171875 0.7973055555555555 0.011734374999999986 0.03559722222222238
1 0.503421875 0.7638888888888888 0.010531250000000015 0.02077777777777783
1 0.47021875 0.5395 0.013796875000000064 0.03090277777777778
1 0.356203125 0.26713888888888887 0.006562499999999982 0.013680555555555586
1 0.154296875 0.5594583333333334 0.008921875000000013 0.017125000000000057
1 0.43676562499999994 0.6180555555555556 0.009273437499999915 0.016416666666666736
1 0.276609375 0.7330694444444443 0.012335937499999972 0.026805555555555492