1 0.1238984375 0.4752638888888889 0.014500000000000002 0.019763888888888914
1 0.44750781249999994 0.5316805555555556 0.01400781250000005 0.02013888888888889
1 0.4365234375 0.25151388888888887 0.015835937499999987 0.025486111111111143
1 0.409671875 0.828125 0.010648437500000085 0.019680555555555656
1 0.4868203125 0.6536527777777777 0.011164062499999971 0.022277777777777726
1 0.4189453125 0.44879166666666664 0.013273437500000007 0.023777777777777783
0 0.505375 0.7973055555555555 0.004312499999999986 0.008319444444444457
1 0.30346875 0.8329027777777779 0.013070312500000014 0.02519444444444458
1 0.49365625 0.8064305555555555 0.011117187500000014 0.023236111111111138
1 0.261234375 0.26258333333333334 0.01634374999999997 0.037541666666666626
1 0.43090624999999994 0.7335138888888889 0.011554687499999971 0.018152777777777688
1 0.513671875 0.45181944444444444 0.008781250000000008 0.014000000000000058
1 0.7973671874999999 0.5924444444444444 0.015367187499999968 0.014444444444444413