1 0.61865625 0.7547777777777779 0.012968749999999928 0.02077777777777783
0 0.7841796875 0.6289027777777778 0.003976562499999936 0.007763888888888933
1 0.1572265625 0.48220833333333335 0.01395312500000001 0.017458333333333402
1 0.38940625 0.242625 0.01021093750000004 0.025
1 0.78515625 0.6775138888888889 0.012828125000000056 0.021749999999999957
1 0.8159218750000001 0.9305555555555556 0.013843749999999844 0.021027777777777916
1 0.7099609375 0.5572916666666666 0.012921874999999972 0.02013888888888889
1 0.9521484375 0.5920138888888888 0.019945312500000156 0.022875000000000038
1 0.515140625 0.5577222222222222 0.008546875000000042 0.015791666666666673
1 0.8427734375 0.8606805555555557 0.014453125 0.03065277777777769
1 0.69921875 0.47656944444444443 0.01640625 0.028055555555555618
1 0.8520546875000001 0.5681388888888889 0.016843749999999956 0.01991666666666671
1 0.718265625 0.5538194444444444 0.008921875000000056 0.015611111111111124