1 0.368546875 0.3310972222222222 0.013726562500000039 0.016152777777777773
1 0.5380859375 0.2747361111111111 0.010093750000000058 0.02234722222222219
1 0.44018750000000006 0.41384722222222226 0.009742187500000022 0.014958333333333308
1 0.50390625 0.6306388888888889 0.00867187499999993 0.02013888888888889
1 0.48022656250000006 0.45181944444444444 0.014835937500000007 0.02509722222222229
1 0.513671875 0.7235277777777779 0.007874999999999943 0.021847222222222247
0 0.4697265625 0.5173611111111112 0.004250000000000043 0.007944444444444483
1 0.564453125 0.563375 0.00803124999999998 0.016347222222222197
1 0.4585 0.24761111111111112 0.011734374999999986 0.020944444444444422
1 0.423828125 0.5933194444444444 0.007640624999999979 0.017069444444444394
1 0.40600781250000006 0.7799444444444443 0.011554687499999971 0.020944444444444342
1 0.5244140625 0.47265277777777776 0.00717187500000005 0.019611111111111117
1 0.6624609375 0.5821111111111111 0.011585937499999944 0.0376527777777778