1 0.7109375 0.5620694444444444 0.012148437499999965 0.02159722222222216
0 0.8042031250000001 0.7326388888888888 0.003945312500000142 0.009277777777777866
1 0.1579609375 0.48394444444444445 0.015132812500000004 0.02069444444444441
1 0.8525390625 0.5685833333333333 0.017578125 0.018013888888888926
1 0.3923359375 0.24456944444444445 0.009124999999999961 0.02752777777777777
1 0.5083046875 0.5881111111111111 0.00912500000000005 0.029736111111111067
1 0.77490625 0.7100694444444444 0.01353124999999995 0.027944444444444373
1 0.68359375 0.4861111111111111 0.017304687500000072 0.026375000000000013
1 0.9516640625000001 0.6254305555555556 0.018234375000000115 0.03398611111111115
1 0.8335000000000001 0.9392361111111112 0.017914062499999873 0.026375000000000013
1 0.607421875 0.7565138888888889 0.009195312499999986 0.013166666666666691
1 0.8477656250000001 0.8968333333333334 0.017132812499999872 0.023999999999999962
1 0.7193984375 0.554611111111111 0.009804687499999964 0.01555555555555562