1 0.5927734375 0.7170138888888888 0.013273437500000007 0.025097222222222212
1 0.546875 0.407125 0.01353124999999995 0.027430555555555555
1 0.4365234375 0.2293888888888889 0.00912500000000005 0.020861111111111087
1 0.626953125 0.6458333333333334 0.01489843749999995 0.019166666666666603
1 0.533203125 0.8841111111111111 0.014226562500000029 0.02598611111111116
1 0.5727578125 0.31380555555555556 0.010132812500000022 0.018152777777777768
1 0.4970703125 0.4835138888888889 0.014453125 0.026694444444444482
1 0.788578125 0.45443055555555556 0.016101562499999923 0.025
1 0.302734375 0.26302777777777775 0.009015624999999972 0.020611111111111077
1 0.6547890625 0.5763888888888888 0.013843750000000021 0.021749999999999957
0 0.2951640625 0.28429166666666666 0.004554687500000032 0.008930555555555565
1 0.47339062500000006 0.29991666666666666 0.008546875000000042 0.017124999999999977
1 0.693796875 0.2977638888888889 0.014171875000000079 0.027611111111111104