1 0.50928125 0.2667083333333333 0.012007812499999914 0.026694444444444403
1 0.3325234375 0.37608333333333327 0.012054687499999961 0.023055555555555586
1 0.4585 0.24327777777777776 0.014390625000000056 0.0345833333333333
1 0.4301796875 0.44879166666666664 0.010210937499999951 0.01991666666666671
1 0.55078125 0.5434027777777778 0.009859374999999915 0.0345833333333333
1 0.385984375 0.5933194444444444 0.0140625 0.021930555555555505
1 0.46778906249999996 0.6814027777777778 0.008187500000000014 0.015916666666666718
1 0.6337890625 0.5 0.014453125 0.023236111111111138
1 0.401859375 0.5568611111111111 0.011507812500000015 0.019166666666666603
1 0.490234375 0.6202222222222222 0.008093749999999922 0.01865277777777771
1 0.47143750000000006 0.4513888888888889 0.014953125000000077 0.025874999999999995
0 0.380859375 0.7305 0.004960937500000017 0.012000000000000139
1 0.377703125 0.7483888888888889 0.013351562500000025 0.02283333333333341