1 0.5961953125 0.5503472222222222 0.011117187500000014 0.0356666666666666
0 0.7954140625 0.694875 0.004164062499999943 0.006875000000000063
1 0.125734375 0.48047222222222224 0.01257031249999998 0.019166666666666603
1 0.49828906249999994 0.8255277777777777 0.013585937500000079 0.03315277777777763
1 0.5087890625 0.46441666666666664 0.013171874999999921 0.028055555555555618
1 0.3645 0.7430555555555556 0.01353125000000004 0.03136111111111101
1 0.7060546875 0.34397222222222223 0.015539062500000079 0.041236111111111105
1 0.3186015625 0.2777777777777778 0.014617187500000028 0.032902777777777774
1 0.6416015625 0.6224027777777777 0.0140625 0.01945833333333332
1 0.7760312500000001 0.5439166666666667 0.016640624999999964 0.04052777777777771
1 0.62646875 0.7929722222222223 0.011687500000000028 0.028944444444444332
1 0.8916015625 0.57075 0.018023437500000128 0.03184722222222215
1 0.7915078125 0.5512222222222222 0.012007812499999914 0.022097222222222178