1 0.6274453125 0.444875 0.011875000000000035 0.02262499999999995
1 0.216796875 0.4635416666666667 0.01548437500000004 0.023236111111111138
1 0.78271875 0.6719999999999999 0.013374999999999915 0.02481944444444445
1 0.67578125 0.7378472222222222 0.0119140625 0.01765277777777783
1 0.708984375 0.6085138888888889 0.015015625000000022 0.02315277777777772
1 0.671390625 0.8888888888888888 0.013124999999999965 0.021513888888888902
1 0.694828125 0.40625 0.010570312499999979 0.02262499999999995
1 0.8110390625000001 0.3995277777777778 0.015671874999999957 0.02038888888888882
1 0.7099609375 0.42295833333333327 0.012484375000000015 0.029374999999999967
1 0.880859375 0.5507777777777778 0.0177734375 0.021847222222222247
1 0.5559296875 0.36043055555555553 0.010648437500000085 0.039222222222222235
0 0.5641328125 0.35045833333333337 0.004757812499999936 0.009499999999999965
1 0.43227343749999997 0.24947222222222223 0.011984374999999936 0.030083333333333368