1 0.43578906249999994 0.6293472222222222 0.013953124999999922 0.020861111111111087
1 0.3935546875 0.7109444444444445 0.012007812500000003 0.020069444444444508
1 0.292234375 0.8385416666666666 0.01317187500000001 0.025
1 0.455078125 0.7942777777777777 0.01799218749999998 0.03327777777777783
1 0.253421875 0.2482638888888889 0.015367187499999968 0.0231527777777778
1 0.12359374999999999 0.4752638888888889 0.012828125000000013 0.02134722222222223
1 0.405765625 0.444875 0.013898437499999972 0.024527777777777735
1 0.7802734375 0.5768194444444444 0.020718749999999987 0.024708333333333284
1 0.4580078125 0.4600694444444444 0.008851562499999943 0.01779166666666659
1 0.4287109375 0.5269166666666667 0.008289062499999921 0.022875000000000038
1 0.4106484375 0.23958333333333334 0.010781249999999964 0.022097222222222258
1 0.39819531250000006 0.8159722222222222 0.009375000000000045 0.018152777777777688
0 0.46187500000000004 0.8014027777777778 0.004273437500000021 0.007125000000000151