1 0.3774453125 0.7317777777777777 0.008617187499999979 0.01779166666666659
1 0.3256875 0.27018055555555553 0.010007812499999958 0.020861111111111087
1 0.6293984375 0.5481805555555556 0.012828125000000056 0.01991666666666671
1 0.640625 0.7990416666666665 0.015249999999999986 0.02587500000000015
0 0.8208046875000001 0.8220555555555555 0.0046484374999998575 0.009347222222222248
1 0.654296875 0.6128472222222222 0.00982031249999995 0.01945833333333332
1 0.12646875 0.4791666666666667 0.012382812500000017 0.019847222222222172
1 0.5068359375 0.8111944444444443 0.008187500000000014 0.018152777777777688
1 0.8271484375 0.5685833333333333 0.010289062500000057 0.021180555555555557
1 0.522953125 0.46918055555555555 0.011507812500000015 0.02333333333333327
1 0.7426796875 0.3474444444444444 0.014671874999999978 0.025486111111111102
1 0.7993203125000001 0.6454027777777778 0.01191406250000009 0.01822222222222223
1 0.8954296875000001 0.6159444444444445 0.027914062500000014 0.020930555555555626