1 0.67725 0.890625 0.010695312500000043 0.0235000000000001
1 0.784671875 0.6731805555555556 0.01802343749999995 0.02397222222222221
1 0.67578125 0.7369861111111111 0.011687500000000028 0.01731944444444448
1 0.8129921875000001 0.40320833333333334 0.016843749999999956 0.0228055555555555
1 0.8833046875000001 0.5490416666666667 0.0173828125 0.02069444444444441
1 0.431640625 0.25043055555555555 0.007609375000000007 0.02234722222222219
1 0.7114296875 0.4199166666666666 0.01743749999999995 0.030652777777777848
1 0.712890625 0.613625 0.014281249999999978 0.018833333333333258
1 0.21496875000000001 0.46831944444444445 0.01548437500000004 0.021513888888888902
1 0.6962890625 0.4099444444444445 0.011031249999999914 0.012805555555555594
1 0.5551796875 0.367625 0.010289062500000057 0.017263888888888818
1 0.63428125 0.4466111111111111 0.008156250000000042 0.018013888888888926
0 0.5590859375 0.35047222222222224 0.004468750000000021 0.00848611111111113