1 0.8862343750000001 0.5442777777777777 0.01960937499999993 0.02333333333333327
1 0.8178750000000001 0.41015277777777776 0.016343750000000056 0.025194444444444426
1 0.6840859375 0.8923611111111112 0.013171874999999921 0.02452777777777789
1 0.69678125 0.42144444444444445 0.012867187500000021 0.026375000000000013
1 0.67578125 0.7374166666666667 0.01146875000000005 0.018013888888888926
1 0.7153359375 0.6158888888888889 0.017851562499999928 0.01991666666666671
1 0.79296875 0.6827222222222222 0.013585937500000079 0.01879166666666663
1 0.6391640625 0.45616666666666666 0.009968749999999993 0.022527777777777817
0 0.578125 0.3715277777777778 0.0043828124999999215 0.01186111111111106
1 0.20471093749999997 0.469625 0.013328124999999979 0.01865277777777771
1 0.4287109375 0.24891666666666667 0.006242187500000007 0.013055555555555523
1 0.5512734375 0.37651388888888887 0.009562500000000007 0.0323333333333333
1 0.7168359375 0.42275 0.015898437499999928 0.030263888888888837