1 0.375578125 0.2526527777777778 0.017414062499999973 0.020847222222222208
1 0.5024453125 0.26411111111111113 0.012531249999999971 0.029486111111111137
1 0.46167187500000006 0.45008333333333334 0.01146875000000005 0.02369444444444437
1 0.4223671875 0.63325 0.01049218750000005 0.023597222222222235
1 0.444828125 0.5416666666666666 0.013585937500000079 0.029055555555555498
1 0.3876953125 0.578125 0.012289062500000014 0.02038888888888882
1 0.2634296875 0.7313333333333333 0.015601562500000022 0.026375000000000013
1 0.2099609375 0.5581666666666667 0.014007812499999961 0.019305555555555524
1 0.4516640625 0.7625833333333333 0.010570312499999979 0.028055555555555618
0 0.537109375 0.5520833333333334 0.004023437500000071 0.00809722222222228
1 0.562015625 0.6566805555555556 0.010695312500000043 0.022527777777777817
1 0.4340859375 0.8485277777777779 0.008953125000000029 0.030083333333333448
1 0.5688515625 0.4557361111111111 0.009523437500000042 0.02159722222222216