1 0.5263671875 0.19911111111111113 0.008445312499999958 0.02598611111111108
1 0.3969765625 0.5412361111111111 0.009781249999999986 0.015069444444444476
1 0.5908203125 0.4290416666666667 0.011070312500000058 0.02731944444444439
1 0.474125 0.39822222222222226 0.009859374999999915 0.01822222222222223
1 0.3623046875 0.21354166666666666 0.009898437499999968 0.01822222222222223
1 0.61084375 0.6961805555555556 0.007460937499999964 0.01295833333333339
1 0.147828125 0.5529583333333333 0.012828125000000013 0.01772222222222221
1 0.43432812500000006 0.6224027777777777 0.012484375000000015 0.01808333333333331
1 0.2697734375 0.7174444444444443 0.009015624999999972 0.016097222222222186
1 0.47875781249999994 0.523 0.013796875000000064 0.026194444444444465
1 0.442875 0.7682361111111111 0.009898437500000056 0.026083333333333295
0 0.39867968750000005 0.2202638888888889 0.004539062500000001 0.008861111111111104
1 0.5042890625 0.7688611111111112 0.009398437499999978 0.02709722222222221