1 0.08709375 0.48654166666666665 0.018718750000000006 0.02038888888888882
1 0.47827343750000006 0.4704861111111111 0.00912500000000005 0.0228055555555555
1 0.2094765625 0.1818611111111111 0.0173828125 0.04684722222222223
1 0.2595234375 0.33984722222222224 0.0140625 0.028486111111111097
1 0.6689453125 0.7456666666666667 0.009742187500000022 0.017458333333333246
0 0.59521875 0.7113750000000001 0.004234375000000057 0.008819444444444397
1 0.67578125 0.57075 0.011374999999999958 0.0209444444444445
1 0.44897656250000006 0.6588611111111111 0.011031249999999914 0.027208333333333376
1 0.616703125 0.18544444444444447 0.012195312499999921 0.027319444444444466
1 0.4892578125 0.16709722222222223 0.015718749999999913 0.029166666666666667
1 0.387453125 0.8650138888888889 0.010859374999999982 0.03113888888888899
1 0.8364296875000001 0.5447083333333333 0.015187500000000043 0.01843055555555553
1 0.601734375 0.8901944444444445 0.011875000000000035 0.023388888888888775