1 0.49585156250000006 0.18641666666666667 0.015187500000000043 0.031736111111111125
1 0.8217812500000001 0.5638055555555556 0.0131718750000001 0.021847222222222247
1 0.45971875000000006 0.6905416666666666 0.008882812499999915 0.018152777777777847
1 0.21399218750000001 0.19 0.016023437499999994 0.0231527777777778
1 0.2595234375 0.362625 0.015601562500000022 0.02538888888888885
1 0.08209375 0.492625 0.017914062500000005 0.02461111111111115
0 0.59521875 0.8051250000000001 0.004054687500000043 0.008263888888888953
1 0.48046875 0.4411944444444445 0.009781249999999986 0.023597222222222235
1 0.6103515625 0.22569444444444445 0.011593749999999936 0.027430555555555555
1 0.63428125 0.7660555555555555 0.012234375000000065 0.035541666666666555
1 0.3830546875 0.8480972222222222 0.009820312500000039 0.02168055555555542
1 0.669921875 0.5703194444444445 0.011687500000000028 0.02038888888888882
1 0.5913125 0.8832500000000001 0.012289062500000014 0.022277777777777726