1 0.57959375 0.5381944444444444 0.012335937499999972 0.020861111111111087
1 0.1267109375 0.47959722222222223 0.01262500000000002 0.02045833333333336
1 0.4912109375 0.8272638888888889 0.01205468750000005 0.03276388888888877
1 0.3591328125 0.7482638888888888 0.011781250000000031 0.03295833333333336
1 0.3126640625 0.2720138888888889 0.014195312499999968 0.02513888888888892
1 0.620609375 0.7834166666666665 0.013484374999999993 0.02397222222222221
1 0.8901406250000001 0.5503472222222222 0.01348437500000017 0.026805555555555492
1 0.501953125 0.46484722222222224 0.012007812499999914 0.02762499999999998
1 0.7705078125 0.563375 0.015078124999999965 0.02126388888888881
1 0.6318359375 0.6302083333333334 0.009085937500000085 0.01923611111111114
0 0.7734375 0.5950555555555556 0.005000000000000071 0.010180555555555613
1 0.7636640625 0.5038055555555556 0.02189843749999998 0.02674999999999999
1 0.6879921875 0.32379166666666664 0.009601562499999971 0.018930555555555548