1 0.396 0.5299444444444444 0.013218750000000012 0.026083333333333295
1 0.46167187500000006 0.25390277777777776 0.013953124999999922 0.029055555555555578
1 0.39965624999999994 0.2137638888888889 0.011874999999999991 0.02452777777777781
1 0.5556640625 0.4268611111111111 0.010328125000000021 0.023416666666666686
1 0.369875 0.632375 0.010859374999999982 0.020541666666666618
1 0.42749218750000006 0.41015277777777776 0.010132812500000022 0.022347222222222265
1 0.39965625 0.8463611111111111 0.012570312500000024 0.026805555555555492
1 0.35278125 0.5273472222222222 0.009523437500000042 0.01700000000000001
1 0.228515625 0.6922777777777778 0.015015625000000022 0.029374999999999967
1 0.4585 0.7270000000000001 0.013023437500000058 0.03366666666666668
1 0.2265 0.5013055555555556 0.016117187499999998 0.014000000000000058
0 0.4618515625 0.7141388888888888 0.005656250000000007 0.012013888888888937
1 0.5551953125 0.6620555555555556 0.013234375000000043 0.026972222222222165