1 0.305078 0.298611 0.011719 0.016667
1 0.678125 0.642361 0.014062 0.018056
1 0.816015625 0.48125 0.01796875 0.02361111111111111
1 0.536719 0.473611 0.012500 0.019444
1 0.5984375 0.4125 0.015625 0.027777777777777776
1 0.564453 0.884722 0.011719 0.019444
1 0.630469 0.706944 0.012500 0.016667
1 0.438672 0.243056 0.008594 0.027778
1 0.51328125 0.2881944444444444 0.0078125 0.020833333333333332
1 0.619921875 0.32222222222222224 0.01171875 0.022222222222222223
1 0.734766 0.340972 0.013281 0.020833
1 0.654687 0.574306 0.010938 0.018056
0 0.342187 0.276389 0.004688 0.008333