1 0.399765625 0.2072638888888889 0.011992187500000018 0.02573611111111115
1 0.4462890625 0.2599861111111111 0.009234374999999951 0.025694444444444443
1 0.43969531249999994 0.7599861111111111 0.010531250000000015 0.023416666666666527
1 0.42749218750000006 0.38954166666666673 0.008984375 0.02369444444444437
1 0.24182031249999997 0.4618055555555556 0.013328124999999958 0.015861111111111055
1 0.541015625 0.6189305555555555 0.010210937499999951 0.018013888888888926
1 0.5844765625 0.41927777777777775 0.012382812499999929 0.022875000000000038
1 0.38403125 0.844625 0.012671875000000022 0.021111111111111174
1 0.338625 0.5221388888888889 0.010328125000000021 0.01629166666666669
0 0.376953125 0.5872361111111111 0.004328124999999972 0.008041666666666615
1 0.2165546875 0.6684027777777778 0.014390624999999968 0.02461111111111115
1 0.3400859375 0.5950555555555556 0.010093749999999967 0.01779166666666659
1 0.3779296875 0.5099861111111111 0.01610156250000001 0.025874999999999995