1 0.5244140625 0.20084722222222223 0.008515625000000072 0.02862500000000002
1 0.39574999999999994 0.5420972222222222 0.009164062499999969 0.01822222222222223
1 0.5986328125 0.3663194444444444 0.010531250000000015 0.02443055555555556
1 0.42163281250000006 0.6054722222222222 0.010093750000000058 0.018930555555555548
1 0.48706250000000006 0.7517361111111112 0.007843749999999972 0.01629166666666669
1 0.4228515625 0.7482638888888888 0.012195312499999921 0.028055555555555618
1 0.2548828125 0.7148472222222223 0.011203125000000026 0.02201388888888884
1 0.130984375 0.5355972222222222 0.015249999999999986 0.018361111111111147
1 0.5922890625 0.6853333333333333 0.011164062499999971 0.02159722222222216
1 0.3725625 0.16102777777777777 0.012726562499999972 0.036347222222222246
1 0.48022656250000006 0.4878472222222222 0.012828125000000056 0.027111111111111086
1 0.43188281249999994 0.39691666666666664 0.007937500000000064 0.01477777777777776
0 0.37605468750000004 0.1788611111111111 0.006062499999999993 0.010527777777777775