1 0.3478984375 0.8533055555555555 0.013124999999999965 0.029486111111111137
1 0.5239296875 0.8619861111111111 0.01205468750000005 0.023777777777777627
1 0.26171875 0.41080555555555553 0.015671874999999957 0.023597222222222235
1 0.0841640625 0.5264722222222222 0.021484375 0.023777777777777783
0 0.513671875 0.8376805555555555 0.004023437500000071 0.0078750000000001
1 0.22350781249999999 0.2137638888888889 0.013484374999999993 0.023874999999999997
1 0.6118203125 0.7361111111111112 0.012429687500000064 0.02598611111111116
1 0.49365625 0.22352777777777777 0.01400781250000005 0.026694444444444482
1 0.59765625 0.28733333333333333 0.010648437500000085 0.023416666666666686
1 0.6489296875 0.5668472222222222 0.012195312499999921 0.034527777777777796
1 0.46362500000000006 0.407125 0.018054687499999923 0.01829166666666661
1 0.7938984375 0.5508333333333334 0.020359374999999957 0.023444444444444438
1 0.43143750000000003 0.6691527777777778 0.01274999999999995 0.021013888888888884