1 0.520703 0.472917 0.005469 0.020833
1 0.659375 0.586806 0.009375 0.020833
1 0.401172 0.778472 0.011719 0.018056
1 0.364062 0.330556 0.010937 0.016667
1 0.437109375 0.41458333333333336 0.01015625 0.015277777777777777
1 0.420312 0.593750 0.007812 0.018056
1 0.560547 0.562500 0.007031 0.027778
1 0.455859 0.249306 0.011719 0.020833
1 0.500000 0.630556 0.009375 0.016667
1 0.509766 0.723611 0.007031 0.019444
1 0.534375 0.275694 0.009375 0.023611
1 0.476172 0.451389 0.013281 0.022222
0 0.466797 0.520139 0.002344 0.006944