1 0.22985937500000003 0.21516666666666664 0.014835937500000007 0.019763888888888914
1 0.2197265625 0.43468055555555557 0.015718750000000004 0.025486111111111143
1 0.43090624999999994 0.8684861111111111 0.012671875000000022 0.033041666666666615
1 0.066953125 0.5499166666666666 0.017851562499999994 0.018013888888888926
1 0.386234375 0.7148472222222223 0.010648437499999996 0.02126388888888881
1 0.4296875 0.3114166666666667 0.014835937500000007 0.030763888888888858
1 0.5219765625 0.4943611111111111 0.013429687500000042 0.021430555555555487
1 0.48584375 0.33484722222222224 0.009335937500000035 0.023597222222222235
1 0.468265625 0.6849027777777777 0.013273437500000007 0.019611111111111117
0 0.212890625 0.765625 0.004453125000000035 0.008416666666666591
1 0.205078125 0.8016527777777779 0.011640624999999983 0.03270833333333327
1 0.1745625 0.5599027777777777 0.0173828125 0.01765277777777783
1 0.8076171875 0.5494861111111111 0.017851562499999928 0.03599999999999994