1 0.47729687500000006 0.453125 0.013953124999999922 0.025583333333333277
1 0.5087890625 0.7309027777777778 0.00929687500000007 0.02159722222222216
1 0.562015625 0.2510833333333333 0.008093749999999922 0.024333333333333308
1 0.43871874999999994 0.5889722222222222 0.011164062499999971 0.02077777777777783
1 0.546875 0.44205555555555553 0.007289062499999943 0.023055555555555586
1 0.4262734375 0.7994861111111111 0.011828125000000078 0.028624999999999862
1 0.509765625 0.657125 0.013218750000000057 0.03366666666666668
1 0.456546875 0.2506527777777778 0.011781249999999943 0.021430555555555564
1 0.581546875 0.5442777777777777 0.011242187500000079 0.023236111111111138
1 0.3950234375 0.3463611111111111 0.012671875000000022 0.02069444444444441
0 0.49633593749999994 0.5911527777777777 0.004070312500000029 0.007638888888888889
1 0.706546875 0.6006944444444444 0.014499999999999957 0.021111111111111174
1 0.4453125 0.3697916666666667 0.00971093750000005 0.016222222222222152