0 0.474671875 0.5309444444444444 0.004421875000000064 0.008874999999999982
1 0.47764843749999997 0.5152083333333333 0.007976562500000029 0.021500000000000026
1 0.679203125 0.5646666666666667 0.009929687500000029 0.020861111111111087
1 0.390140625 0.8710972222222223 0.014617187500000028 0.02773611111111115
1 0.4404296875 0.6462638888888889 0.008476562499999929 0.018722222222222248
1 0.20764062499999997 0.1650416666666667 0.017914062499999984 0.04368055555555556
1 0.265625 0.26540277777777777 0.013742187500000025 0.02333333333333335
1 0.593265625 0.8754305555555555 0.010007812499999958 0.02234722222222211
1 0.620609375 0.17219444444444448 0.013429687500000042 0.027430555555555576
1 0.7099609375 0.7178888888888889 0.012828125000000056 0.021750000000000033
1 0.48608593750000006 0.1604861111111111 0.014835937500000007 0.03276388888888889
1 0.09552343749999999 0.4787361111111111 0.018156249999999995 0.02102777777777776
1 0.8266640625000001 0.5190972222222222 0.0161015625000001 0.026375000000000013