1 0.4404296875 0.6697083333333333 0.009671875000000085 0.02134722222222223
1 0.48584375 0.5021666666666667 0.012726562499999972 0.022277777777777726
1 0.1951875 0.41883333333333334 0.016156250000000004 0.01850000000000007
1 0.16003125 0.8207500000000001 0.013218750000000012 0.021847222222222247
1 0.364015625 0.6766527777777778 0.010945312499999993 0.019763888888888914
1 0.4516640625 0.319875 0.009523437500000042 0.027319444444444466
1 0.39721875 0.8294305555555557 0.012968750000000018 0.033041666666666615
1 0.0368984375 0.5564305555555555 0.018023437500000006 0.021111111111111174
1 0.10284374999999998 0.6050416666666667 0.020218749999999997 0.03266666666666664
1 0.3994140625 0.32530555555555557 0.015601562500000022 0.028486111111111097
1 0.22985937500000003 0.2172361111111111 0.01395312500000001 0.019013888888888886
1 0.7680703125 0.53125 0.016843749999999956 0.0224444444444444
0 0.10194531250000001 0.6155416666666667 0.005374999999999996 0.010597222222222216