1 0.1193203125 0.4635416666666667 0.01578124999999999 0.016486111111111118
1 0.37890625 0.23525 0.01182812499999999 0.026375000000000013
1 0.2771015625 0.8467916666666667 0.010859374999999982 0.022875000000000038
1 0.3855 0.4151527777777778 0.013843750000000021 0.025583333333333277
1 0.40014843750000006 0.5108472222222222 0.012148437499999965 0.021180555555555557
1 0.3696328125 0.49869444444444444 0.0140625 0.022527777777777817
1 0.3256875 0.6236944444444444 0.01182812499999999 0.021513888888888902
1 0.3576640625 0.5737916666666667 0.01395312500000001 0.02773611111111115
0 0.3791484375 0.7170138888888888 0.0047890624999999964 0.009499999999999887
1 0.23791406249999997 0.23004166666666667 0.015781250000000035 0.02752777777777777
1 0.3747578125 0.7951388888888888 0.012968750000000018 0.029486111111111137
1 0.7568359375 0.5299444444444444 0.014453125 0.022527777777777817
1 0.362515625 0.7017083333333334 0.02007031250000004 0.026763888888888865