1 0.34765625 0.5217083333333333 0.012148437499999965 0.01772222222222221
1 0.45459375 0.25281944444444443 0.011203124999999935 0.027944444444444452
1 0.3603515625 0.6202222222222222 0.010492187499999962 0.022875000000000038
1 0.39990625 0.20898611111111112 0.010859375000000027 0.02134722222222223
1 0.455078125 0.7313333333333333 0.010695312500000043 0.01648611111111096
1 0.38940625 0.5264722222222222 0.012828124999999968 0.02731944444444439
1 0.5634765625 0.42295833333333327 0.011507812500000015 0.024333333333333308
1 0.2255859375 0.6857638888888888 0.014335937500000017 0.016527777777777745
1 0.22778125 0.49740277777777775 0.012867187500000021 0.01686111111111109
1 0.394046875 0.8450555555555557 0.010250000000000004 0.02077777777777783
1 0.42456250000000006 0.4010416666666667 0.010570312499999979 0.02159722222222216
1 0.55078125 0.6540833333333333 0.00971093750000005 0.01673611111111105
0 0.44604687500000006 0.6931388888888889 0.004593750000000086 0.010513888888888958