1 0.6748046875 0.7530416666666667 0.008812499999999978 0.029375000000000127
1 0.66796875 0.5065138888888889 0.012531249999999971 0.025874999999999995
1 0.83203125 0.7356805555555557 0.01483593749999983 0.023236111111111138
1 0.17578125 0.48915277777777777 0.014835937500000007 0.019527777777777703
1 0.5415078125 0.4440138888888889 0.007906249999999915 0.02134722222222223
1 0.7314453125 0.9201388888888888 0.014617187500000028 0.023236111111111138
0 0.6845703125 0.4583333333333333 0.004679687500000007 0.008291666666666704
1 0.9184609375000001 0.5408055555555555 0.019375000000000142 0.023777777777777783
1 0.7138671875 0.4895833333333333 0.011960937499999958 0.019986111111111093
1 0.74609375 0.6349861111111111 0.016781250000000015 0.019527777777777703
1 0.8452187500000001 0.4739583333333333 0.0161015625000001 0.031736111111111145
1 0.41553125 0.24869444444444444 0.008125000000000071 0.022097222222222258
1 0.733890625 0.4678888888888889 0.013742187499999937 0.026805555555555492