1 0.2302265625 0.22244444444444444 0.015718750000000004 0.025486111111111143
1 0.37378125 0.38911111111111113 0.015187500000000043 0.026902777777777782
1 0.41039843749999994 0.3513472222222222 0.011960937499999958 0.024805555555555536
1 0.218015625 0.4461805555555556 0.014499999999999957 0.011944444444444476
1 0.3396015625 0.8263888888888888 0.010609375000000032 0.019083333333333345
1 0.2163125 0.86025 0.009296874999999982 0.018652777777777865
1 0.1743203125 0.6367222222222222 0.01610156250000001 0.01865277777777771
1 0.3442421875 0.6380277777777777 0.012671875000000022 0.021430555555555487
1 0.3325234375 0.6666666666666666 0.012726562499999972 0.019847222222222172
1 0.055296875 0.5177916666666667 0.014953124999999994 0.01673611111111105
0 0.2053203125 0.4835138888888889 0.004203124999999997 0.008513888888888883
1 0.41967968750000006 0.5199722222222222 0.011117187500000014 0.014222222222222235
1 0.7436015625 0.5478611111111111 0.020164062499999958 0.026152777777777834