1 0.47803125 0.45181944444444444 0.014499999999999957 0.02538888888888885
1 0.5361328125 0.2749583333333333 0.010609374999999944 0.023874999999999997
1 0.562015625 0.5620694444444444 0.008414062499999986 0.022708333333333365
1 0.501953125 0.6289027777777778 0.009054687499999936 0.019527777777777703
1 0.4384765625 0.41384722222222226 0.010171874999999986 0.01673611111111105
1 0.6606484375 0.5842083333333333 0.010531250000000015 0.025194444444444426
1 0.3669453125 0.3324722222222222 0.010734375000000008 0.016347222222222197
0 0.468265625 0.5173611111111112 0.004132812499999972 0.007347222222222172
1 0.45776562500000006 0.25 0.012921874999999972 0.026694444444444482
1 0.42211718749999994 0.5933194444444444 0.008289062499999921 0.017125000000000057
1 0.5219765625 0.47179166666666666 0.0072343749999999925 0.01945833333333332
1 0.5122109375 0.7235277777777779 0.008710937500000071 0.0235000000000001
1 0.4038125 0.7808194444444445 0.012484375000000015 0.023416666666666527