1 0.126953125 0.4730972222222222 0.013218750000000012 0.019013888888888966
1 0.3364296875 0.7825555555555557 0.012828124999999968 0.03398611111111115
1 0.511234375 0.5208333333333334 0.014554687500000085 0.01822222222222223
1 0.2915078125 0.26540277777777777 0.011781250000000031 0.022527777777777737
1 0.595703125 0.7573749999999999 0.012195312499999921 0.027319444444444545
1 0.4692421875 0.4574722222222222 0.013124999999999965 0.021749999999999957
1 0.45874218750000006 0.8263888888888888 0.010531250000000015 0.023597222222222235
1 0.6723671875 0.6753472222222222 0.017101562500000077 0.02773611111111115
1 0.5908203125 0.30077777777777776 0.0154296875 0.025
1 0.7216796875 0.4270833333333333 0.013124999999999965 0.0228055555555555
1 0.857421875 0.5282083333333334 0.016921874999999885 0.028152777777777752
1 0.5615234375 0.6966111111111111 0.00929687500000007 0.019305555555555524
0 0.713078125 0.45319444444444446 0.003835937500000064 0.0076944444444443936