1 0.49731249999999994 0.48394444444444445 0.014117187499999951 0.025694444444444443
1 0.43628125000000006 0.22916666666666666 0.009164062500000014 0.021597222222222236
1 0.693359375 0.29491666666666666 0.012531249999999971 0.022097222222222258
1 0.628421875 0.6449722222222222 0.011554687499999971 0.018361111111111147
1 0.544921875 0.407125 0.015898437499999928 0.02752777777777785
1 0.6547890625 0.5759583333333333 0.013843750000000021 0.021180555555555557
1 0.47265625 0.30077777777777776 0.00867187499999993 0.01320833333333332
1 0.7876015625 0.4557361111111111 0.016023437499999994 0.023875000000000077
1 0.5703125 0.32095833333333335 0.013328124999999958 0.03426388888888891
1 0.2995234375 0.26758333333333334 0.014570312499999983 0.021777777777777788
1 0.53271875 0.8845555555555555 0.014335937499999929 0.02587500000000015
1 0.592734375 0.7125833333333332 0.014039062500000022 0.02052777777777774
0 0.29479687499999996 0.28502777777777777 0.006734375000000003 0.01058333333333334