1 0.533203125 0.40386111111111106 0.014281249999999978 0.028055555555555618
1 0.48315625000000006 0.48480555555555555 0.009632812499999944 0.024805555555555574
1 0.6796875 0.2877638888888889 0.015015625000000022 0.02443055555555552
1 0.5239296875 0.8815138888888889 0.012828125000000056 0.027000000000000076
1 0.58740625 0.7152777777777778 0.008812499999999978 0.021930555555555505
1 0.5610390625 0.31098611111111113 0.009781249999999986 0.022277777777777806
1 0.46117968749999994 0.31272222222222223 0.010781249999999964 0.01945833333333332
1 0.6567421875 0.5742222222222222 0.015304687499999936 0.019166666666666603
1 0.6176796875 0.6475694444444444 0.008257812499999951 0.01573611111111117
1 0.78125 0.461375 0.0173828125 0.022194444444444468
1 0.437015625 0.22916666666666666 0.008921875000000056 0.01719444444444444
0 0.3107890625 0.3298611111111111 0.006671874999999971 0.011569444444444422
1 0.297609375 0.3116388888888889 0.009085937499999997 0.01719444444444444