1 0.534671875 0.27647222222222223 0.010453125000000086 0.023416666666666686
1 0.3662109375 0.329 0.008742187500000043 0.014833333333333342
1 0.5004921875 0.6297777777777778 0.008546875000000042 0.018361111111111147
1 0.47680468749999994 0.45181944444444444 0.014390625000000056 0.02369444444444437
0 0.46655468750000006 0.5204027777777778 0.004054687500000043 0.0077916666666666854
1 0.4560546875 0.2482638888888889 0.011328125 0.019680555555555576
1 0.4208984375 0.594625 0.008578125000000015 0.0196805555555555
1 0.5107421875 0.7252638888888889 0.008617187499999979 0.02244444444444456
1 0.521 0.47352777777777777 0.007124999999999914 0.020541666666666618
1 0.5610390625 0.5646666666666667 0.007609375000000007 0.018930555555555548
1 0.43728125 0.4103888888888889 0.012351562499999958 0.019041666666666717
1 0.40160937499999994 0.7808194444444445 0.012531249999999971 0.02126388888888881
1 0.659671875 0.5868055555555556 0.010453125000000086 0.021749999999999957