1 0.69678125 0.6423611111111112 0.011734374999999986 0.022277777777777726
1 0.601078125 0.49695833333333334 0.016664062499999945 0.02648611111111118
1 0.3837890625 0.2662777777777778 0.008218749999999986 0.02415277777777776
1 0.4594765625 0.6749166666666666 0.009164062500000014 0.01719444444444444
1 0.8598671875000001 0.4861111111111111 0.015484375000000128 0.018583333333333327
1 0.734375 0.7940833333333334 0.012484375000000015 0.02354166666666673
1 0.1545390625 0.48525 0.016460937499999995 0.019388888888888938
1 0.8930703125000001 0.8207500000000001 0.0180546875000001 0.024902777777777867
1 0.748046875 0.55425 0.011875000000000035 0.015611111111111124
1 0.953125 0.6362916666666667 0.0250859375000001 0.016027777777777728
1 0.8618203125000001 0.9626805555555555 0.01717968749999983 0.029486111111111137
1 0.5830078125 0.8159722222222222 0.006960937500000064 0.01519444444444452
0 0.8544921875 0.9392361111111112 0.004539062499999957 0.009208333333333485