1 0.1296484375 0.47424999999999995 0.01896874999999998 0.021847222222222247
1 0.47143750000000006 0.4587638888888889 0.014171875000000079 0.02013888888888889
1 0.5200234375 0.5234444444444445 0.013374999999999915 0.022708333333333365
1 0.6875 0.6653611111111111 0.01960937499999993 0.024708333333333284
1 0.4609375 0.8307361111111111 0.014671874999999978 0.03366666666666668
1 0.5688515625 0.6875 0.011593749999999936 0.02752777777777785
1 0.2939453125 0.273875 0.016921874999999975 0.03776388888888889
1 0.603515625 0.3033888888888889 0.011507812500000015 0.024805555555555574
1 0.339109375 0.7751805555555555 0.015304687500000025 0.04431944444444456
0 0.71875 0.46658333333333335 0.004070312500000029 0.006875000000000063
1 0.732421875 0.42056944444444444 0.011960937499999958 0.0224444444444444
1 0.8598671875000001 0.5212638888888889 0.017914062499999873 0.02262499999999995
1 0.6016484375 0.7542916666666667 0.018765624999999987 0.030916666666666655