1 0.39184375 0.5824722222222222 0.009296874999999982 0.021430555555555487
1 0.5200234375 0.25281944444444443 0.010531250000000015 0.02415277777777776
1 0.43237500000000006 0.6132777777777778 0.011421874999999915 0.023597222222222235
1 0.366703125 0.2647638888888889 0.015835937499999987 0.03150000000000001
1 0.4692421875 0.7686666666666667 0.013687499999999986 0.03241666666666655
0 0.4990234375 0.4149305555555556 0.004539062499999957 0.007874999999999943
1 0.46264843750000006 0.5377638888888889 0.013273437500000007 0.025291666666666716
1 0.487796875 0.4042916666666666 0.010531250000000015 0.021847222222222247
1 0.585453125 0.44205555555555553 0.010648437500000085 0.02315277777777772
1 0.56640625 0.6822916666666666 0.011374999999999958 0.018152777777777847
1 0.19409375 0.5807361111111111 0.016984375000000006 0.03276388888888893
1 0.2751484375 0.7174444444444443 0.014671874999999978 0.028944444444444408
1 0.4443359375 0.8650138888888889 0.008414062499999986 0.026805555555555492