1 0.3928203125 0.2450138888888889 0.009898437499999968 0.021430555555555564
1 0.708234375 0.5552499999999999 0.011062500000000064 0.017875000000000005
1 0.6254921875 0.7638888888888888 0.010648437500000085 0.029833333333333358
1 0.1567421875 0.48306944444444444 0.015015625000000022 0.01843055555555553
1 0.8051796875000001 0.9262222222222222 0.013484375000000081 0.02262499999999995
1 0.8432656250000001 0.8493888888888889 0.009929687500000029 0.012138888888888902
0 0.772953125 0.5815972222222222 0.0040390625000000565 0.007638888888888889
1 0.519046875 0.5429722222222222 0.007460937499999964 0.01822222222222223
1 0.9462890625 0.5794305555555556 0.021117187500000155 0.02038888888888882
1 0.784671875 0.6640694444444445 0.014499999999999957 0.025194444444444426
1 0.8515625 0.5607638888888888 0.015835937499999987 0.023416666666666686
1 0.710453125 0.47265277777777776 0.018875000000000065 0.02731944444444439
1 0.7179765625 0.5534722222222223 0.009046874999999944 0.017805555555555626