1 0.2365703125 0.22265277777777778 0.012671875000000022 0.024236111111111094
1 0.331546875 0.5529583333333333 0.013328124999999958 0.019013888888888966
1 0.387453125 0.5182361111111111 0.009562500000000007 0.018152777777777847
1 0.3767109375 0.27647222222222223 0.014007812499999961 0.029624999999999978
1 0.7524453125 0.5151944444444444 0.01791406250000005 0.022277777777777726
1 0.3291015625 0.5993888888888889 0.01646093750000004 0.019763888888888914
0 0.2928359375 0.4799583333333333 0.007039062499999993 0.011569444444444502
1 0.0987578125 0.4652777777777778 0.021484375 0.0209444444444445
1 0.2578125 0.6597222222222222 0.016281250000000025 0.01879166666666663
1 0.2646484375 0.8476527777777777 0.012968750000000018 0.0235000000000001
1 0.378171875 0.3849861111111111 0.014671874999999978 0.025291666666666716
1 0.353515625 0.8077222222222221 0.009859375000000004 0.015666666666666627
1 0.2823671875 0.467625 0.013874999999999993 0.01719444444444444