1 0.522953125 0.24479166666666666 0.010054687499999914 0.026805555555555572
1 0.3654765625 0.26106944444444447 0.012234374999999974 0.019388888888888862
1 0.47729687500000006 0.7599861111111111 0.01085937500000007 0.01961111111111096
1 0.3950234375 0.5776944444444444 0.010132812500000022 0.018722222222222248
0 0.505375 0.4166666666666667 0.004648437500000035 0.009986111111111187
1 0.43115625 0.5989583333333334 0.011507812500000015 0.024527777777777735
1 0.447265625 0.8628472222222222 0.009671875000000085 0.022527777777777817
1 0.46508593749999994 0.5360277777777778 0.014117187499999951 0.02538888888888885
1 0.276609375 0.7165833333333335 0.01589843750000002 0.025486111111111064
1 0.58740625 0.4366388888888889 0.010007812499999958 0.02461111111111115
1 0.1878671875 0.5763888888888888 0.011640624999999983 0.019611111111111117
1 0.5747109375 0.6918472222222222 0.0064375000000000075 0.012805555555555594
1 0.4975625 0.4053888888888889 0.007203125000000021 0.013416666666666622