1 0.3335 0.6419305555555556 0.013742187500000025 0.021180555555555557
1 0.44555468749999994 0.5147638888888889 0.011374999999999958 0.023055555555555586
1 0.356203125 0.8129305555555555 0.010531250000000015 0.024708333333333284
1 0.22925 0.21744444444444444 0.013632812500000036 0.018152777777777768
1 0.12130468750000001 0.6827222222222222 0.017609375000000017 0.021430555555555487
1 0.40551562499999994 0.6788194444444444 0.020523437499999984 0.019847222222222172
1 0.20129687500000001 0.44834722222222223 0.010406250000000016 0.013944444444444395
1 0.0335390625 0.5568611111111111 0.017179687499999995 0.01850000000000007
1 0.42065625000000006 0.3700138888888889 0.00982031249999995 0.02762499999999998
1 0.1820078125 0.8576388888888888 0.015835937499999987 0.02305555555555543
1 0.7373046875 0.5434027777777778 0.014453125 0.02262499999999995
1 0.3776875 0.3556805555555555 0.01478906249999996 0.025583333333333316
0 0.13609374999999999 0.6828611111111111 0.00676562500000002 0.012625000000000044