1 0.345703125 0.8537361111111111 0.012671875000000022 0.028486111111111097
1 0.6474609375 0.5599027777777777 0.010054687499999914 0.01945833333333332
1 0.6064453125 0.7313333333333333 0.011289062500000035 0.02168055555555542
0 0.5087890625 0.8363750000000001 0.004625000000000057 0.008222222222222323
1 0.262578125 0.4151527777777778 0.015328125000000003 0.023805555555555538
1 0.22595312500000003 0.21766666666666667 0.015187500000000043 0.029055555555555578
1 0.0834375 0.5286527777777777 0.02096875 0.01991666666666671
1 0.42944531250000006 0.6710138888888889 0.010007812499999958 0.02126388888888881
1 0.792484375 0.5494861111111111 0.016281249999999935 0.021847222222222247
1 0.49292187500000006 0.22634722222222223 0.013171874999999921 0.027944444444444452
1 0.4516640625 0.40473611111111113 0.013687499999999986 0.022097222222222178
1 0.595703125 0.2905833333333333 0.010328125000000021 0.019847222222222252
1 0.51171875 0.8563333333333333 0.01640625 0.04459722222222208