1 0.46655468750000006 0.6310833333333333 0.010054687499999914 0.018722222222222248
1 0.40698437500000006 0.4427083333333333 0.011828125000000078 0.021847222222222247
1 0.31128125 0.3537361111111111 0.013843750000000021 0.021597222222222198
1 0.453125 0.4752638888888889 0.014281249999999978 0.027111111111111086
1 0.45581250000000006 0.231125 0.011070312500000058 0.0330972222222222
1 0.612796875 0.5334166666666667 0.012828125000000056 0.03159722222222222
1 0.48754687499999994 0.28081944444444445 0.008812499999999978 0.019611111111111117
1 0.5258828125 0.4991388888888889 0.010984374999999958 0.022097222222222178
0 0.3620625 0.6119861111111111 0.004085937500000014 0.008041666666666615
1 0.3232421875 0.6189305555555555 0.011687500000000028 0.018013888888888926
1 0.38159375 0.5616388888888889 0.011421875000000003 0.021513888888888902
1 0.37621875 0.7161527777777777 0.011468749999999962 0.032222222222222284
1 0.44946093749999994 0.7131111111111111 0.00717187500000005 0.01945833333333332