1 0.7353515625 0.6454027777777778 0.017515625000000055 0.022527777777777817
0 0.51953125 0.3305138888888889 0.003960937499999951 0.008222222222222244
1 0.6704140625 0.33702777777777776 0.013218750000000057 0.025486111111111143
1 0.5810546875 0.45008333333333334 0.009484375000000078 0.023055555555555586
1 0.269046875 0.4285972222222222 0.015015625000000022 0.018930555555555548
1 0.675296875 0.5820277777777778 0.015671874999999957 0.0228055555555555
1 0.7783203125 0.35872222222222216 0.015898437499999928 0.02297222222222221
1 0.6684609375 0.7287361111111111 0.008921875000000056 0.01629166666666669
1 0.5439453125 0.3287777777777778 0.0058203125000000355 0.01352777777777779
1 0.6606484375 0.4244861111111111 0.016343750000000056 0.029944444444444367
1 0.6240234375 0.8828194444444445 0.008742187500000043 0.01673611111111105
1 0.44434375 0.251125 0.009617187499999957 0.020847222222222208
1 0.8510781250000001 0.5329861111111112 0.015671874999999957 0.019305555555555524