1 0.37378125 0.6831666666666667 0.011593750000000024 0.02598611111111116
1 0.20373437499999997 0.4275138888888889 0.014007812499999984 0.01879166666666663
1 0.1691875 0.8111944444444443 0.015671875000000002 0.021847222222222247
1 0.0478828125 0.5490416666666667 0.017304687499999992 0.019847222222222172
1 0.2319375 0.23025 0.017046875000000038 0.039680555555555545
1 0.1292734375 0.5846388888888889 0.023375000000000014 0.030194444444444458
1 0.409671875 0.32095833333333335 0.01640625 0.030763888888888858
1 0.40698437500000006 0.8376805555555555 0.010945312499999993 0.020388888888888977
0 0.12096875 0.5954861111111112 0.004570312500000018 0.009986111111111187
1 0.49828906249999994 0.5034722222222222 0.014835937500000007 0.033611111111111175
1 0.7802734375 0.5338611111111111 0.01799218749999998 0.022097222222222178
1 0.46215624999999994 0.3148888888888889 0.007843749999999972 0.01779166666666667
1 0.44946093749999994 0.6740416666666667 0.009234374999999951 0.01384722222222226