1 0.718265625 0.55425 0.009054687499999936 0.016416666666666736
1 0.15771875 0.484375 0.015015625000000022 0.0196805555555555
1 0.3908671875 0.24522222222222223 0.011468749999999962 0.023874999999999997
1 0.9526406250000001 0.5894166666666667 0.020796874999999916 0.02126388888888881
1 0.5180703125 0.5559861111111111 0.010132812500000022 0.03327777777777783
1 0.8432656250000001 0.8585138888888889 0.0154296875 0.026694444444444482
0 0.7817421875 0.6158888888888889 0.0041015625 0.007972222222222235
1 0.8520546875000001 0.5668472222222222 0.016726562499999886 0.020541666666666618
1 0.786625 0.6766527777777778 0.012867187500000021 0.02538888888888885
1 0.8134765625 0.9279583333333333 0.0155390624999999 0.024805555555555418
1 0.6215859375 0.7517361111111112 0.010132812500000022 0.012222222222222159
1 0.7016640625 0.4743888888888889 0.019500000000000028 0.03008333333333329
1 0.709375 0.5564027777777778 0.009054687499999936 0.016416666666666736