1 0.12378125 0.47483333333333333 0.014500000000000002 0.019527777777777703
1 0.3090859375 0.8224861111111111 0.012726562499999972 0.024055555555555466
1 0.51171875 0.8072916666666666 0.02140625000000007 0.03374999999999994
1 0.456546875 0.5329861111111112 0.014390625000000056 0.024333333333333308
1 0.416015625 0.8342083333333333 0.010781249999999964 0.025583333333333434
1 0.2634296875 0.2604166666666667 0.013843750000000021 0.02234722222222219
1 0.8017578125 0.5985277777777778 0.021242187500000044 0.023055555555555586
1 0.42553906250000006 0.45181944444444444 0.014499999999999957 0.0257777777777777
1 0.4506875 0.7361111111111112 0.01704687499999995 0.022013888888888763
1 0.5107421875 0.6640694444444445 0.015187500000000043 0.028944444444444488
1 0.5439453125 0.45052777777777775 0.011875000000000035 0.02069444444444441
0 0.52490625 0.7920972222222221 0.004648437500000035 0.007611111111111136
1 0.4541015625 0.2558611111111111 0.015078124999999965 0.029374999999999967