1 0.21953125 0.4173611111111111 0.0140625 0.0125
1 0.816015625 0.5430555555555555 0.02109375 0.019444444444444445
1 0.53515625 0.4909722222222222 0.0125 0.015277777777777777
1 0.228515625 0.8277777777777777 0.01640625 0.016666666666666666
1 0.478125 0.6868055555555556 0.0109375 0.020833333333333332
1 0.071875 0.5298611111111111 0.0171875 0.015277777777777777
1 0.43931250000000005 0.3052638888888889 0.01765624999999993 0.03548611111111113
1 0.5025234375000001 0.3402638888888889 0.01439843750000005 0.03181944444444444
1 0.23135937499999998 0.2130138888888889 0.02153906250000004 0.03162499999999997
1 0.394390625 0.7310416666666667 0.014132812500000026 0.025305555555555595
1 0.44692187499999997 0.8781666666666667 0.012374999999999936 0.026486111111111023
0 0.253671875 0.7807638888888888 0.005929687500000025 0.011597222222222096
1 0.18750781249999998 0.5515138888888889 0.02081249999999999 0.02354166666666673