1 0.4907265625 0.26193055555555556 0.008000000000000007 0.0231527777777778
1 0.40771875 0.6458333333333334 0.012570312499999936 0.02069444444444441
1 0.3813515625 0.23719444444444446 0.011593750000000024 0.018499999999999992
1 0.447265625 0.4427083333333333 0.012289062500000014 0.01991666666666671
1 0.5551796875 0.45616666666666666 0.011687500000000028 0.01850000000000007
1 0.22131249999999997 0.5460138888888889 0.01596093749999996 0.019847222222222172
1 0.3759765625 0.5646666666666667 0.01219531250000001 0.01879166666666663
1 0.42260937500000006 0.8385416666666666 0.013023437500000058 0.021513888888888902
1 0.45824999999999994 0.7434861111111111 0.00982031249999995 0.021430555555555644
1 0.42895312499999994 0.538625 0.012382812499999929 0.025486111111111143
1 0.57178125 0.6670972222222222 0.013218750000000057 0.021847222222222247
1 0.24963281249999997 0.7317777777777777 0.015539062499999989 0.02397222222222221
0 0.5668984375 0.6605972222222222 0.004757812499999936 0.007847222222222191