1 0.3466796875 0.6614583333333334 0.012671875000000022 0.02126388888888881
1 0.1857890625 0.4290416666666667 0.013375000000000003 0.02159722222222216
1 0.42309374999999994 0.6666666666666666 0.012726562499999972 0.019986111111111093
1 0.22985937500000003 0.2195138888888889 0.014499999999999957 0.02045833333333336
1 0.029375000000000002 0.5768194444444444 0.018023437500000003 0.021111111111111174
1 0.1684609375 0.8411527777777777 0.01317187500000001 0.019388888888888938
1 0.4633828125 0.5099861111111111 0.015367187500000056 0.03149999999999993
1 0.43237500000000006 0.34656944444444443 0.009164062500000014 0.020944444444444422
1 0.3747578125 0.8177083333333334 0.011203125000000026 0.018722222222222248
1 0.385984375 0.33941666666666664 0.014953124999999989 0.029833333333333358
1 0.75146875 0.5329861111111112 0.01478906250000005 0.02201388888888892
0 0.093203125 0.6649305555555556 0.007460937500000009 0.013263888888888825
1 0.08107031249999999 0.6539722222222223 0.014898437499999995 0.028541666666666604