1 0.39819531250000006 0.24934722222222222 0.009015625000000017 0.02077777777777775
1 0.156984375 0.4835138888888889 0.013898437500000017 0.019527777777777703
1 0.8427734375 0.8216111111111111 0.015078125000000142 0.02720833333333322
1 0.52734375 0.5251805555555555 0.012921874999999972 0.03387499999999998
1 0.7314453125 0.46744444444444444 0.015718749999999913 0.02762499999999998
1 0.8505859375 0.5490416666666667 0.017046875000000128 0.024236111111111173
1 0.9477578125000001 0.5629305555555556 0.019500000000000028 0.0224444444444444
0 0.761234375 0.5243055555555556 0.003960937499999951 0.007847222222222191
1 0.7895546875 0.9262222222222222 0.015898437499999928 0.028944444444444332
1 0.6352578125 0.7591111111111111 0.007429687499999993 0.0128611111111111
1 0.7783203125 0.6597222222222222 0.016921875000000065 0.01850000000000007
1 0.703125 0.5585972222222222 0.013124999999999965 0.020611111111111156
1 0.7216796875 0.5486111111111112 0.011117187500000014 0.015416666666666698