1 0.7109375 0.6115416666666667 0.016843749999999956 0.017263888888888818
1 0.67578125 0.7374166666666667 0.011374999999999958 0.017944444444444544
1 0.634765625 0.454 0.013742187499999937 0.024805555555555574
1 0.8139687500000001 0.40776388888888887 0.019273437500000056 0.02397222222222221
1 0.8823281250000001 0.5473055555555556 0.020414062500000087 0.021847222222222247
0 0.5654296875 0.3576388888888889 0.004265625000000028 0.008680555555555556
1 0.6962890625 0.41558333333333336 0.012773437499999929 0.023875000000000077
1 0.5537109375 0.36870833333333336 0.008984375 0.026583333333333313
1 0.679203125 0.8897638888888889 0.013374999999999915 0.01991666666666655
1 0.787109375 0.6744861111111111 0.017851562499999928 0.0224444444444444
1 0.20983593749999999 0.469625 0.014499999999999957 0.02045833333333336
1 0.43090624999999994 0.25369444444444444 0.009375 0.026805555555555572
1 0.7153906250000001 0.420625 0.0142578125 0.028777777777777815