1 0.532422 0.822917 0.013281 0.026389
1 0.547656 0.476389 0.012500 0.025000
1 0.79921875 0.3854166666666667 0.0171875 0.02361111111111111
1 0.837109 0.841667 0.014844 0.022222
1 0.672656 0.804861 0.012500 0.029167
1 0.4046875 0.7236111111111111 0.0140625 0.022222222222222223
1 0.346094 0.270139 0.010937 0.023611
1 0.141797 0.489583 0.016406 0.018056
1 0.933203 0.646528 0.019531 0.018056
1 0.674609 0.622222 0.011719 0.019444
1 0.691016 0.558333 0.013281 0.025000
1 0.860938 0.675000 0.018750 0.022222
0 0.848047 0.947222 0.007031 0.011111