1 0.5771484375 0.7261249999999999 0.011421874999999915 0.03209722222222216
1 0.31640625 0.35220833333333335 0.008781250000000008 0.019680555555555576
1 0.447265625 0.32508333333333334 0.007484374999999943 0.016597222222222208
1 0.603515625 0.6540833333333333 0.01049218750000005 0.02159722222222216
1 0.5454140625 0.3168472222222222 0.010734375000000008 0.016097222222222186
1 0.6684609375 0.2805972222222222 0.012007812499999914 0.02201388888888892
1 0.5205078125 0.40647222222222223 0.013585937500000079 0.027944444444444452
1 0.515140625 0.8793472222222222 0.010734375000000008 0.025694444444444443
1 0.776859375 0.4826388888888889 0.018507812500000043 0.023236111111111138
1 0.6572265625 0.5763888888888888 0.016781250000000015 0.019611111111111117
0 0.3271484375 0.37175 0.004398437499999996 0.009000000000000025
1 0.466796875 0.49522222222222223 0.012726562499999972 0.01822222222222223
1 0.4380859375 0.23405555555555557 0.011101562500000028 0.019361111111111107