1 0.43237500000000006 0.39691666666666664 0.008000000000000007 0.014388888888888908
1 0.52490625 0.20116666666666666 0.008640624999999957 0.028833333333333322
1 0.599125 0.3658888888888889 0.010570312499999979 0.025583333333333316
1 0.396 0.5420972222222222 0.009164062500000014 0.017263888888888818
1 0.4228515625 0.7478333333333335 0.011781249999999943 0.02587500000000015
1 0.421875 0.6054722222222222 0.009632812499999944 0.017388888888888863
1 0.257328125 0.7148472222222223 0.013273437500000007 0.0231527777777778
1 0.3725625 0.1604861111111111 0.011734374999999986 0.0304027777777778
1 0.5927734375 0.6849027777777777 0.010945312499999993 0.02134722222222223
1 0.48022656250000006 0.49045833333333333 0.012828125000000056 0.029486111111111137
1 0.132078125 0.5351527777777778 0.015601562500000022 0.01945833333333332
0 0.3773515625 0.17936111111111108 0.005031250000000043 0.011597222222222234
1 0.4869296875 0.7488055555555555 0.011023437499999922 0.024222222222222298