1 0.44018750000000006 0.41427777777777774 0.009742187500000022 0.015416666666666698
1 0.662109375 0.5811666666666666 0.011117187500000014 0.03895833333333327
1 0.3693828125 0.33181944444444444 0.01219531250000001 0.021847222222222247
1 0.538578125 0.27518055555555554 0.010249999999999915 0.02350000000000002
1 0.50390625 0.6302083333333334 0.008343750000000049 0.018722222222222248
1 0.45922656249999994 0.2484861111111111 0.011781249999999943 0.021847222222222247
0 0.46996874999999994 0.5177916666666667 0.004265625000000028 0.007972222222222235
1 0.42407031249999994 0.5941805555555556 0.008187500000000014 0.017388888888888863
1 0.56396875 0.5646666666666667 0.008445312499999958 0.017388888888888863
1 0.5131875 0.7235277777777779 0.007664062499999957 0.020944444444444342
1 0.40625 0.7795138888888888 0.010945312499999993 0.020222222222222145
1 0.48046875 0.453125 0.015367187500000056 0.02509722222222229
1 0.5244140625 0.4730972222222222 0.007429687499999993 0.02013888888888889