1 0.6142578125 0.6432361111111111 0.013796875000000064 0.018583333333333327
1 0.75146875 0.5954861111111112 0.014226562500000029 0.0257777777777777
1 0.8803750000000001 0.5429722222222222 0.01893749999999983 0.023499999999999945
1 0.5629921875 0.5355972222222222 0.012867187500000021 0.020861111111111087
1 0.75 0.4835138888888889 0.024609375 0.03090277777777778
1 0.12634375 0.4778611111111111 0.012726562500000016 0.019763888888888914
0 0.7407265625 0.4908888888888889 0.005445312500000021 0.01186111111111106
1 0.48461718749999994 0.8311666666666667 0.014335937499999929 0.03648611111111109
1 0.4926796875 0.4631111111111111 0.019914062500000006 0.02731944444444439
1 0.30590625 0.26519444444444445 0.008984375 0.016736111111111125
1 0.3520546875 0.7469583333333333 0.01182812499999999 0.023597222222222235
1 0.6176796875 0.7717083333333333 0.009859374999999915 0.01731944444444448
1 0.6626875 0.32019444444444445 0.017062499999999935 0.022249999999999975