1 0.071094 0.526389 0.017187 0.019444
1 0.230859 0.214583 0.013281 0.026389
1 0.393750 0.731250 0.007812 0.020833
1 0.816016 0.543056 0.021094 0.019444
1 0.219141 0.420139 0.014844 0.020833
1 0.447266 0.879167 0.010156 0.027778
1 0.229687 0.828472 0.017187 0.018056
1 0.188281 0.550694 0.015625 0.015278
1 0.536719 0.489583 0.010938 0.018056
1 0.479687 0.688194 0.009375 0.020833
1 0.43984375 0.3020833333333333 0.015625 0.029166666666666667
1 0.501562 0.340972 0.014062 0.023611
0 0.256641 0.777778 0.003906 0.008333