1 0.48949999999999994 0.28276388888888887 0.008640624999999957 0.022527777777777737
1 0.3869609375 0.5599027777777777 0.011593750000000024 0.019166666666666603
1 0.45288281250000006 0.6098055555555556 0.009523437500000042 0.02038888888888882
1 0.39574999999999994 0.44140277777777776 0.01053124999999997 0.01991666666666671
1 0.4497109375 0.23241666666666666 0.009015624999999972 0.020861111111111087
1 0.287109375 0.6028611111111111 0.012335937499999972 0.01923611111111114
1 0.5922890625 0.5577222222222222 0.01478906250000005 0.023875000000000077
1 0.43335156250000006 0.4787361111111111 0.014554687500000085 0.026694444444444482
1 0.5048828125 0.46441666666666664 0.010984374999999958 0.022097222222222178
1 0.44507031250000006 0.7408888888888889 0.010531250000000015 0.0257777777777777
0 0.28784375 0.34158333333333335 0.005406249999999968 0.009499999999999965
1 0.3732890625 0.7569444444444444 0.01124218749999999 0.03065277777777769
1 0.2895546875 0.3181388888888889 0.010250000000000004 0.014888888888888927