1 0.6801796875 0.6449722222222222 0.0177734375 0.02077777777777783
1 0.6059609375 0.41558333333333336 0.011640625000000071 0.027861111111111034
1 0.8198281250000001 0.48306944444444444 0.016281250000000115 0.018930555555555548
1 0.625 0.32205555555555554 0.008125000000000071 0.02134722222222223
1 0.515140625 0.29318055555555556 0.009898437500000056 0.019680555555555576
1 0.6547890625 0.5759583333333333 0.011687500000000028 0.02013888888888889
1 0.73584375 0.34526388888888887 0.0173828125 0.02461111111111107
1 0.4384765625 0.23827777777777778 0.0073203124999999146 0.012708333333333302
1 0.5415078125 0.47352777777777777 0.008257812499999951 0.02369444444444437
0 0.3513203125 0.27994444444444444 0.004539062499999957 0.009069444444444406
1 0.567875 0.8888888888888888 0.011734374999999986 0.02297222222222217
1 0.30225 0.3135833333333333 0.013375000000000003 0.02805555555555554
1 0.636484375 0.7058888888888889 0.008664062499999936 0.016361111111111073