1 0.1224375 0.46615277777777775 0.016664062499999986 0.019083333333333345
1 0.3881875 0.42230555555555555 0.013484374999999993 0.024527777777777735
1 0.40551562499999994 0.5130277777777777 0.013273437500000007 0.019986111111111093
1 0.3864765625 0.23568055555555556 0.015132812500000004 0.02752777777777777
1 0.3857421875 0.7065972222222222 0.017046875000000038 0.0257777777777777
1 0.336671875 0.6506111111111111 0.011031250000000003 0.022708333333333365
1 0.23938281250000001 0.22916666666666666 0.014617187500000028 0.024055555555555545
1 0.3879375 0.4908888888888889 0.013796874999999976 0.023236111111111138
1 0.3662109375 0.5885416666666666 0.014499999999999957 0.020305555555555563
1 0.7583046875 0.5420972222222222 0.016984375000000006 0.013624999999999924
1 0.37996093750000004 0.7984166666666667 0.010812500000000025 0.02198611111111101
0 0.4043203125 0.7354999999999999 0.005007812500000064 0.01023611111111096
1 0.27697656249999997 0.8447638888888889 0.014390624999999968 0.021736111111111237