1 0.382812 0.844444 0.010938 0.019444
1 0.255859 0.437500 0.011719 0.022222
1 0.439453 0.380556 0.010156 0.019444
1 0.587500 0.456250 0.010938 0.018056
1 0.3453125 0.4951388888888889 0.0125 0.018055555555555554
1 0.437109375 0.7458333333333333 0.01015625 0.022222222222222223
1 0.344531 0.570139 0.012500 0.015278
1 0.217969 0.654861 0.015625 0.020833
1 0.528516 0.606250 0.008594 0.018056
1 0.462890625 0.2590277777777778 0.01328125 0.02361111111111111
1 0.404687 0.206250 0.009375 0.026389
0 0.329688 0.511111 0.004688 0.008333
1 0.388281 0.505556 0.014063 0.025000