1 0.724609375 0.5412361111111111 0.013484374999999993 0.030194444444444458
1 0.8525390625 0.5138888888888888 0.015367187500000056 0.02102777777777776
1 0.7705078125 0.6462638888888889 0.020140624999999978 0.0228055555555555
1 0.7475625 0.4565972222222222 0.019242187500000084 0.028833333333333322
1 0.4038125 0.24956944444444445 0.007124999999999914 0.023874999999999997
1 0.5361328125 0.48915277777777777 0.010734375000000008 0.02333333333333327
1 0.83984375 0.7916666666666666 0.017046875000000128 0.03444444444444438
1 0.6879921875 0.5464444444444444 0.014671874999999978 0.01779166666666659
1 0.9399453125000001 0.5412361111111111 0.02089062499999983 0.02102777777777776
1 0.76953125 0.9236111111111112 0.016585937500000016 0.03159722222222222
1 0.655734375 0.7611249999999999 0.014421875000000028 0.014749999999999848
1 0.164796875 0.4878472222222222 0.014390625000000013 0.019527777777777703
0 0.7401015625 0.461125 0.004718749999999971 0.012625000000000044