1 0.4285859375 0.2518888888888889 0.007843749999999972 0.020430555555555528
1 0.8198281250000001 0.4099444444444445 0.014898437500000129 0.019388888888888938
1 0.642578125 0.4587638888888889 0.008289062499999921 0.023055555555555586
0 0.589359375 0.3819444444444444 0.0041015625 0.00980555555555548
1 0.5512734375 0.38433333333333336 0.008640624999999957 0.026375000000000013
1 0.718265625 0.42491666666666666 0.014226562500000029 0.028486111111111097
1 0.8881875000000001 0.5451388888888888 0.019789062499999944 0.021749999999999957
1 0.7172890625 0.6215277777777778 0.01596093750000005 0.021513888888888902
1 0.7939453125 0.6831666666666667 0.015898437499999928 0.019763888888888914
1 0.698734375 0.4236111111111111 0.010984374999999958 0.02315277777777772
1 0.203859375 0.47265277777777776 0.014953124999999989 0.02297222222222217
1 0.688078125 0.8945138888888888 0.01205468750000005 0.023624999999999986
1 0.675828125 0.7377499999999999 0.01498437500000005 0.02127777777777769