1 0.646 0.648875 0.015539062500000079 0.021180555555555557
1 0.48852343749999994 0.2892777777777778 0.00971093750000005 0.02126388888888889
1 0.798828125 0.45920833333333333 0.01911718749999993 0.022097222222222178
1 0.6044921875 0.7174444444444443 0.013070312500000014 0.030305555555555547
1 0.591796875 0.31705555555555553 0.008125000000000071 0.01779166666666667
0 0.3029765625 0.282125 0.004218749999999982 0.008652777777777803
1 0.6538125 0.5768194444444444 0.013742187499999937 0.021180555555555557
1 0.5126953125 0.4908888888888889 0.008953125000000029 0.03629166666666666
1 0.710453125 0.30990277777777775 0.013632812500000036 0.01829166666666669
1 0.43481249999999994 0.22894444444444445 0.007843749999999972 0.013472222222222207
1 0.5668984375 0.4127638888888889 0.015601562500000022 0.027208333333333376
1 0.5458984375 0.8836805555555556 0.012671875000000022 0.0292638888888888
1 0.323734375 0.24695833333333334 0.014281249999999978 0.030083333333333368