1 0.45824999999999994 0.245875 0.012867187500000021 0.022097222222222258
0 0.3864765625 0.7295972222222221 0.004234374999999968 0.00791666666666673
1 0.3478984375 0.3851944444444444 0.012624999999999975 0.02415277777777776
1 0.5615234375 0.5585972222222222 0.009015624999999972 0.023777777777777783
1 0.5297890625 0.26519444444444445 0.011031249999999914 0.025874999999999995
1 0.478515625 0.4479166666666667 0.01489843749999995 0.026902777777777782
1 0.3896484375 0.7604166666666666 0.01182812499999999 0.022875000000000038
1 0.4814453125 0.6870694444444444 0.010820312499999929 0.03090277777777778
1 0.64453125 0.4900138888888889 0.012570312499999936 0.021847222222222247
1 0.43725781250000006 0.5677083333333334 0.013632812500000036 0.023499999999999945
1 0.5 0.6132777777777778 0.013687499999999986 0.020069444444444508
1 0.4462890625 0.45443055555555556 0.012828125000000056 0.03090277777777778
1 0.421875 0.5429722222222222 0.012289062500000014 0.015486111111111079