1 0.3596171875 0.2699722222222222 0.012531249999999971 0.029833333333333358
1 0.5634765625 0.48394444444444445 0.015367187500000056 0.023777777777777783
1 0.1500234375 0.48741666666666666 0.01610156250000001 0.017069444444444394
1 0.552734375 0.8354999999999999 0.01615625000000005 0.0334722222222221
1 0.6918984375 0.8107638888888888 0.013843750000000021 0.03656944444444434
1 0.8637734375000001 0.9296944444444445 0.017851562499999928 0.03136111111111101
1 0.828125 0.42338888888888887 0.016585937500000016 0.020069444444444508
1 0.6884765625 0.6419305555555556 0.01478906250000005 0.0209444444444445
1 0.42260937500000006 0.7152777777777778 0.014734374999999921 0.0257777777777777
1 0.724125 0.5611944444444444 0.021648437500000027 0.023236111111111138
1 0.9441875 0.6380138888888889 0.021140624999999958 0.017875000000000005
1 0.8779296875 0.7378472222222222 0.018984375000000143 0.026375000000000013
0 0.8583984375 0.9583333333333334 0.004382812500000099 0.007430555555555429