1 0.3942890625 0.6770833333333334 0.01869531249999996 0.017944444444444388
1 0.3771953125 0.3630694444444445 0.015132812500000004 0.027430555555555555
1 0.22936718749999999 0.2179861111111111 0.014617187500000028 0.020222222222222225
1 0.20837500000000003 0.45269444444444445 0.014617187500000028 0.022708333333333365
1 0.3540078125 0.8129305555555555 0.013898437499999972 0.02452777777777789
1 0.186890625 0.86025 0.017515625000000014 0.024805555555555418
1 0.037265625000000004 0.5512222222222222 0.020648437500000005 0.025486111111111143
1 0.444828125 0.5212638888888889 0.010453125000000086 0.030402777777777758
1 0.136234375 0.6788194444444444 0.02215625000000001 0.021513888888888902
1 0.73046875 0.5420972222222222 0.016843749999999956 0.02315277777777772
1 0.333984375 0.6410555555555556 0.014453125 0.02077777777777783
1 0.4189453125 0.3713055555555555 0.008125000000000071 0.01886111111111117
0 0.146671875 0.6830555555555555 0.0047890624999999964 0.00951388888888892