1 0.8139687500000001 0.5668472222222222 0.015187500000000043 0.021847222222222247
1 0.6689453125 0.5690138888888889 0.009781249999999986 0.02102777777777776
1 0.4541015625 0.6892361111111112 0.009562500000000007 0.020222222222222145
1 0.479984375 0.43641666666666673 0.009781249999999986 0.03387499999999998
1 0.495609375 0.19606944444444444 0.0140625 0.031847222222222235
1 0.258546875 0.3732638888888889 0.013328124999999958 0.023416666666666686
0 0.5727578125 0.8489583333333334 0.004328124999999972 0.008416666666666591
1 0.2170390625 0.20193055555555553 0.015187500000000043 0.036166666666666694
1 0.3774453125 0.8498333333333333 0.011164062499999971 0.021111111111111174
1 0.6083984375 0.2443611111111111 0.010734375000000008 0.02577777777777778
1 0.08534375 0.5 0.021562499999999995 0.018013888888888926
1 0.6333046875 0.7651944444444445 0.010734375000000008 0.017194444444444595
1 0.5752578125000001 0.8789166666666668 0.010710937500000028 0.017694444444444457