1 0.705078125 0.7148472222222223 0.011421874999999915 0.025097222222222212
1 0.401859375 0.8780416666666667 0.011289062500000035 0.03355555555555567
1 0.20764062499999997 0.14518055555555556 0.013218749999999968 0.025194444444444426
1 0.10015624999999999 0.48480555555555555 0.017851562500000008 0.02077777777777783
1 0.2700234375 0.23958333333333334 0.012773437500000017 0.03125
1 0.47790625000000003 0.5245972222222222 0.010843750000000086 0.018444444444444406
1 0.6196328125 0.17502777777777778 0.010570312499999979 0.024236111111111115
1 0.6840859375 0.5616388888888889 0.011203124999999935 0.018583333333333327
0 0.47494531249999994 0.5331527777777778 0.004132812499999972 0.00909722222222216
1 0.44125 0.6494722222222222 0.009476562500000086 0.019291666666666648
1 0.8266640625000001 0.5217083333333333 0.014226562500000029 0.026194444444444465
1 0.48608593750000006 0.1618888888888889 0.013843750000000021 0.03431944444444444
1 0.6005859375 0.8502638888888889 0.008515625000000072 0.013305555555555454