1 0.4501953125 0.5911527777777777 0.009562500000000007 0.020611111111111156
1 0.45239062499999994 0.36045833333333327 0.009453124999999929 0.02333333333333331
1 0.5107421875 0.7283055555555555 0.011289062500000035 0.03266666666666664
1 0.5380859375 0.444875 0.01400781250000005 0.026583333333333313
1 0.5981484375 0.5329861111111112 0.013429687500000042 0.019388888888888938
1 0.4360390625 0.8120694444444445 0.013429687500000042 0.034527777777777637
1 0.722171875 0.6002638888888889 0.013124999999999965 0.023416666666666686
1 0.3974609375 0.3474444444444444 0.01045312500000004 0.02184722222222221
1 0.4600546875 0.25256944444444446 0.012382812499999929 0.021861111111111123
1 0.5200703125 0.6550972222222222 0.014203125000000049 0.025597222222222153
0 0.515625 0.6384583333333333 0.00435156249999995 0.007638888888888889
1 0.47803125 0.44922222222222224 0.015249999999999986 0.02862500000000002
1 0.579046875 0.2567361111111111 0.013843750000000021 0.025513888888888895