1 0.783594 0.544444 0.015625 0.022222
1 0.227734 0.218056 0.011719 0.019444
1 0.418750 0.658333 0.009375 0.022222
1 0.488672 0.240278 0.013281 0.027778
1 0.072656 0.530556 0.017188 0.016667
1 0.492578 0.838194 0.013281 0.034722
1 0.582422 0.711111 0.014844 0.025000
1 0.33046875 0.84375 0.0109375 0.020833333333333332
1 0.262500 0.429861 0.014062 0.026389
1 0.638672 0.553472 0.010156 0.018056
1 0.401563 0.406944 0.018750 0.019444
1 0.585547 0.304167 0.011719 0.025000
0 0.475781 0.781250 0.003125 0.006944