1 0.3771953125 0.35786111111111113 0.01548437500000004 0.02648611111111114
1 0.40234375 0.6775138888888889 0.01911718750000002 0.017458333333333402
1 0.44555468749999994 0.5143194444444444 0.008781250000000008 0.016805555555555587
0 0.138671875 0.6827222222222222 0.004679687500000007 0.008680555555555556
1 0.4204140625 0.3700138888888889 0.009968749999999993 0.02598611111111116
1 0.2302265625 0.21820833333333337 0.013484374999999993 0.01808333333333331
1 0.034359375 0.5555555555555556 0.018265624999999997 0.019083333333333345
1 0.184328125 0.8585138888888889 0.016218749999999994 0.024236111111111173
1 0.20373437499999997 0.4496527777777778 0.012484375000000015 0.016666666666666666
1 0.3337421875 0.6415 0.01353125000000004 0.020611111111111156
1 0.3552265625 0.813375 0.012921874999999972 0.02752777777777769
1 0.7368203125 0.5429722222222222 0.013632812500000036 0.021680555555555574
1 0.12446093750000001 0.6820416666666667 0.020257812500000007 0.01845833333333328