1 0.919921875 0.5390694444444445 0.0190546874999999 0.023055555555555586
1 0.8335000000000001 0.7365416666666665 0.016664062499999945 0.02773611111111115
1 0.669921875 0.5108472222222222 0.011734374999999986 0.02201388888888892
1 0.67334375 0.7526111111111111 0.00971093750000005 0.02762500000000014
1 0.7153359375 0.49522222222222223 0.011242187500000079 0.01991666666666671
1 0.175171875 0.48915277777777777 0.014226562499999984 0.017597222222222167
1 0.7348671875 0.46918055555555555 0.016023437499999994 0.027208333333333376
1 0.41479687500000006 0.24956944444444445 0.008515625000000072 0.025583333333333354
1 0.5415078125 0.4431388888888889 0.007726562500000078 0.0196805555555555
1 0.7333984375 0.9184027777777778 0.01596093750000005 0.02168055555555542
1 0.8471718750000001 0.47179166666666666 0.015601562499999843 0.02315277777777772
0 0.6875 0.4583333333333333 0.0043984375000000854 0.008069444444444369
1 0.749515625 0.6345555555555555 0.019992187499999935 0.020541666666666618