1 0.4770546875 0.45355555555555555 0.013796875000000064 0.024527777777777735
1 0.544921875 0.2497777777777778 0.008921875000000056 0.02461111111111107
1 0.442875 0.387375 0.008578125000000015 0.01779166666666659
1 0.42456250000000006 0.594625 0.008953125000000029 0.019611111111111117
1 0.4555703125 0.25325000000000003 0.013124999999999965 0.02577777777777778
0 0.4819375 0.555125 0.004367187499999936 0.007874999999999943
1 0.3825703125 0.3337638888888889 0.009453125000000017 0.020611111111111077
1 0.538578125 0.4557361111111111 0.010781249999999964 0.02126388888888881
1 0.5688515625 0.5642361111111112 0.009562500000000007 0.020861111111111087
1 0.5122109375 0.7469583333333333 0.00803124999999998 0.02159722222222216
1 0.4975625 0.6306388888888889 0.010781249999999964 0.025291666666666716
1 0.41284375000000006 0.8142361111111112 0.012234375000000065 0.020222222222222145
1 0.6913046875 0.601013888888889 0.01615625000000005 0.02112500000000005