1 0.6782265625 0.5620694444444444 0.009015624999999972 0.02045833333333336
1 0.4399453125 0.6467083333333333 0.0078125 0.01731944444444448
1 0.2646484375 0.29254166666666664 0.013687499999999986 0.019680555555555576
1 0.7094765625 0.7204861111111112 0.012234375000000065 0.02415277777777784
1 0.2021484375 0.15483333333333335 0.017437500000000015 0.019680555555555538
1 0.4766875 0.5297777777777778 0.011890625000000021 0.031361111111111166
1 0.090578125 0.48654166666666665 0.01983593749999999 0.020069444444444508
1 0.62109375 0.174375 0.013898437499999972 0.02805555555555556
1 0.390140625 0.8728333333333335 0.013484374999999993 0.029055555555555657
1 0.48608593750000006 0.15983333333333333 0.014835937500000007 0.035805555555555556
1 0.6007265625 0.8868611111111111 0.01244531250000005 0.023138888888889004
1 0.8291015625 0.523 0.020921875000000156 0.026805555555555492
0 0.46850781250000006 0.555125 0.004773437499999922 0.008722222222222185