1 0.3017578125 0.2667083333333333 0.011687500000000028 0.025583333333333354
1 0.12634375 0.476125 0.013070312500000014 0.0196805555555555
1 0.740234375 0.6158888888888889 0.01640625 0.0387916666666666
1 0.6142578125 0.7708333333333334 0.014335937499999929 0.032472222222222374
1 0.75 0.461375 0.015132812499999915 0.02201388888888892
1 0.8784218750000001 0.5351527777777778 0.015015624999999843 0.028055555555555618
1 0.5537109375 0.5308194444444444 0.011593749999999936 0.022527777777777817
1 0.4887734375 0.4605 0.012382812499999929 0.02598611111111116
1 0.346921875 0.7543472222222222 0.009859375000000004 0.017388888888888863
1 0.4790078125 0.8255277777777777 0.013171874999999921 0.030083333333333448
1 0.6044921875 0.6558194444444444 0.013374999999999915 0.02731944444444439
1 0.646484375 0.31531944444444443 0.018265625000000084 0.027944444444444452
0 0.73584375 0.4930555555555556 0.004296875 0.015666666666666627