1 0.60303125 0.8949722222222222 0.012828125000000056 0.028722222222222312
1 0.2094765625 0.16481944444444444 0.018125000000000037 0.01872222222222221
1 0.3872109375 0.8650138888888889 0.01182812499999999 0.027944444444444293
1 0.47827343750000006 0.4670138888888889 0.008882812499999915 0.014222222222222235
1 0.25928125 0.3355 0.014226562500000029 0.022708333333333365
1 0.6762734375 0.57075 0.011374999999999958 0.021430555555555487
1 0.44800000000000006 0.65625 0.009898437500000056 0.021680555555555574
1 0.48949999999999994 0.1662361111111111 0.015671874999999957 0.03150000000000001
1 0.6176796875 0.18120833333333333 0.012382812499999929 0.027430555555555555
1 0.6762734375 0.7452222222222221 0.008289062499999921 0.018583333333333486
1 0.8388671875 0.5420972222222222 0.01602343750000017 0.021749999999999957
1 0.089109375 0.48808333333333337 0.022507812500000002 0.022027777777777795
0 0.586421875 0.7037638888888889 0.004468750000000021 0.009986111111111187