1 0.3850078125 0.41015277777777776 0.013898437499999972 0.025194444444444426
1 0.39770312499999994 0.5130277777777777 0.009742187499999977 0.01991666666666671
1 0.3779296875 0.23741666666666666 0.011468749999999962 0.026902777777777782
1 0.12147656250000001 0.46441666666666664 0.02194531249999998 0.01850000000000007
1 0.2771015625 0.8476527777777777 0.010984374999999958 0.02461111111111115
1 0.3540078125 0.7018194444444444 0.023421875000000016 0.03216666666666662
1 0.3708515625 0.7925416666666667 0.010093749999999967 0.022194444444444468
1 0.2365703125 0.22569444444444445 0.013023437499999967 0.01829166666666669
1 0.3598671875 0.49783333333333335 0.011031250000000003 0.023499999999999945
1 0.3513203125 0.5664027777777778 0.009898437499999968 0.0196805555555555
1 0.32178125 0.609375 0.012570312500000024 0.029055555555555498
1 0.757328125 0.5256111111111111 0.015718749999999913 0.01573611111111117
0 0.3646171875 0.708763888888889 0.005242187500000028 0.009388888888888955