1 0.3051796875 0.8420138888888888 0.015249999999999986 0.030305555555555468
1 0.2853984375 0.3915 0.015015625000000022 0.022708333333333365
1 0.5390625 0.6670972222222222 0.009484375000000078 0.02077777777777783
1 0.06525 0.5182361111111111 0.016984375000000006 0.021749999999999957
1 0.23400781249999997 0.21690277777777775 0.013585937499999989 0.030083333333333368
1 0.48559374999999994 0.8515694444444445 0.010570312499999979 0.03856944444444442
1 0.7802734375 0.5455694444444444 0.01400781250000005 0.022875000000000038
1 0.24377343749999997 0.47179166666666666 0.012773437500000017 0.02038888888888882
1 0.6137734375 0.5355972222222222 0.014226562500000029 0.02045833333333336
1 0.42065625000000006 0.6467638888888889 0.01548437499999995 0.02648611111111118
0 0.423140625 0.6788055555555556 0.0052734375 0.00990277777777777
1 0.4755234375 0.26102777777777775 0.016273437499999942 0.03499999999999998
1 0.5595703125 0.31966666666666665 0.013898437499999972 0.0404722222222222