1 0.7251015625 0.5286527777777777 0.010093750000000058 0.01629166666666669
1 0.6850625 0.5438333333333334 0.013023437500000058 0.017944444444444388
1 0.83984375 0.7842916666666667 0.01652343750000007 0.02077777777777783
1 0.537109375 0.48394444444444445 0.007546875000000064 0.015013888888888813
1 0.939453125 0.5395 0.0210078124999999 0.0244305555555556
1 0.167484375 0.48741666666666666 0.01730468749999998 0.018013888888888926
1 0.76953125 0.6440972222222222 0.019273437500000056 0.019083333333333345
1 0.66015625 0.7599861111111111 0.011734374999999986 0.022805555555555655
1 0.40698437500000006 0.24695833333333334 0.010249999999999915 0.023055555555555586
1 0.8530312500000001 0.5091111111111111 0.015601562499999843 0.016097222222222266
0 0.73046875 0.4618055555555556 0.004312499999999986 0.008361111111111087
1 0.765140625 0.9201388888888888 0.014226562500000029 0.022527777777777817
1 0.7475625 0.4583333333333333 0.021359374999999937 0.028833333333333322