1 0.6962890625 0.8042499999999999 0.018617187499999945 0.023416666666666527
1 0.1525859375 0.4869861111111111 0.020570312499999986 0.01822222222222223
1 0.569828125 0.48394444444444445 0.015539062500000079 0.025694444444444443
1 0.5590859375 0.8255277777777777 0.010093750000000058 0.021930555555555505
1 0.9477578125000001 0.6336805555555556 0.022109375000000143 0.019166666666666603
1 0.42846875000000006 0.7148472222222223 0.012148437499999965 0.03387500000000006
1 0.3620625 0.2662777777777778 0.007875000000000031 0.018930555555555548
1 0.6943359375 0.6471388888888889 0.013328124999999958 0.0196805555555555
1 0.869140625 0.9496527777777778 0.020250000000000056 0.021111111111111174
1 0.8369140625 0.43706944444444445 0.014453125 0.015486111111111079
1 0.88671875 0.7552083333333334 0.017578125 0.030763888888889014
1 0.732421875 0.5599027777777777 0.012382812499999929 0.017875000000000005
0 0.8603515625 0.9487916666666667 0.00528125000000017 0.009569444444444583