1 0.40625 0.7209166666666665 0.011828125000000078 0.020222222222222145
1 0.675296875 0.8059861111111111 0.016664062499999945 0.029833333333333358
1 0.3474140625 0.2673611111111111 0.008476562500000017 0.01843055555555553
1 0.6767578125 0.6254305555555556 0.014171875000000079 0.02159722222222216
1 0.8042031250000001 0.3915 0.01815624999999992 0.025583333333333277
1 0.6953125 0.5603333333333333 0.01743749999999995 0.021513888888888902
1 0.55078125 0.4774305555555556 0.014671874999999978 0.02648611111111118
1 0.9360390625000001 0.6462638888888889 0.0219843749999999 0.01731944444444448
1 0.14184375 0.4887222222222222 0.016460937499999995 0.020541666666666618
1 0.8651406250000001 0.6859305555555556 0.01856250000000017 0.027930555555555573
1 0.5376015625 0.8255277777777777 0.008257812499999951 0.024805555555555418
0 0.8510781250000001 0.9583333333333334 0.005101562500000156 0.009458333333333258
1 0.8405390625000001 0.8580416666666666 0.01917187499999997 0.02531944444444447