1 0.3399921875 0.8462222222222222 0.011374999999999958 0.021430555555555644
1 0.0798984375 0.5323194444444445 0.021703125 0.0216666666666667
1 0.262453125 0.418625 0.012382812500000017 0.01865277777777771
1 0.42651562500000006 0.6658055555555555 0.009453124999999929 0.017263888888888818
1 0.43969531249999994 0.40755555555555556 0.016726562500000063 0.021749999999999957
1 0.7900390625 0.5503472222222222 0.018796874999999956 0.02826388888888892
1 0.2268046875 0.2179861111111111 0.014335937500000017 0.02826388888888892
0 0.50290625 0.8345 0.005000000000000071 0.008222222222222323
1 0.6450234375 0.5594583333333334 0.012484375000000015 0.018013888888888926
1 0.491703125 0.23004166666666667 0.012671875000000022 0.024236111111111094
1 0.6005859375 0.7248333333333333 0.009562500000000007 0.017597222222222323
1 0.59375 0.29730555555555555 0.011164062499999971 0.02201388888888892
1 0.5100078124999999 0.8518611111111112 0.011687500000000028 0.02020833333333327