1 0.710453125 0.5616388888888889 0.012289062500000014 0.02069444444444441
1 0.7193046875 0.5579999999999999 0.009195312499999986 0.020541666666666618
0 0.79834375 0.7052916666666667 0.003992187499999922 0.007527777777777721
1 0.6118203125 0.7638888888888888 0.011070312500000058 0.03398611111111115
1 0.1590546875 0.4887222222222222 0.01847656249999998 0.029166666666666667
1 0.509765625 0.5794305555555556 0.008257812499999951 0.017944444444444388
1 0.8427734375 0.8897638888888889 0.018874999999999885 0.029944444444444367
1 0.77734375 0.7035555555555556 0.015898437499999928 0.0194583333333334
1 0.828125 0.9401111111111111 0.017992187500000156 0.026194444444444305
1 0.8520546875000001 0.5690138888888889 0.017304687500000072 0.018152777777777847
1 0.687015625 0.48394444444444445 0.015132812499999915 0.023875000000000077
1 0.951171875 0.6145833333333334 0.01893749999999983 0.04308333333333331
1 0.39064062499999996 0.24061111111111114 0.010843749999999996 0.0277638888888889