1 0.270265625 0.8498333333333333 0.013218749999999968 0.019236111111110985
1 0.1026640625 0.4622361111111111 0.018374999999999996 0.01808333333333331
1 0.37890625 0.38584722222222223 0.014617187500000028 0.024236111111111173
1 0.236328125 0.222875 0.012773437500000017 0.022194444444444468
1 0.3879375 0.5173611111111112 0.010570312499999979 0.022277777777777726
1 0.375 0.26844444444444443 0.011031250000000003 0.026083333333333375
1 0.3571796875 0.8051250000000001 0.009859375000000004 0.013166666666666691
1 0.3335 0.5416666666666666 0.012007812500000003 0.019166666666666603
1 0.266359375 0.6670972222222222 0.009015624999999972 0.02134722222222223
1 0.3244609375 0.5928888888888889 0.012335937499999972 0.015861111111111055
1 0.2912578125 0.47483333333333333 0.010734375000000008 0.017388888888888863
0 0.29978125 0.4934444444444444 0.005703124999999964 0.011375000000000076
1 0.75390625 0.5143194444444444 0.017851562499999928 0.026083333333333295