1 0.4453125 0.4652777777777778 0.011828125000000078 0.0209444444444445
1 0.3830546875 0.6996527777777778 0.012968750000000018 0.026194444444444385
1 0.44897656250000006 0.7886249999999999 0.016726562500000063 0.029624999999999898
1 0.42456250000000006 0.5247361111111111 0.013843750000000021 0.021430555555555487
1 0.2521953125 0.24522222222222223 0.014734375000000011 0.021750000000000033
1 0.2919921875 0.8394166666666667 0.012828124999999968 0.021930555555555505
1 0.4262734375 0.6254305555555556 0.013796875000000064 0.026083333333333295
1 0.397703125 0.8168472222222222 0.010250000000000004 0.028055555555555618
1 0.4038125 0.4411944444444445 0.014499999999999957 0.02461111111111115
1 0.1246328125 0.4752638888888889 0.014226562499999984 0.02126388888888881
1 0.409671875 0.23741666666666666 0.012828125000000056 0.025097222222222212
1 0.7797890625 0.5737916666666667 0.014499999999999957 0.02077777777777783
0 0.45485156250000003 0.791875 0.005195312500000071 0.008861111111111262