1 0.2595234375 0.3660972222222222 0.014226562500000029 0.022805555555555537
0 0.5869140625 0.8234722222222222 0.0050234375000000496 0.009347222222222248
1 0.587890625 0.8867222222222223 0.015367187500000056 0.029486111111111137
1 0.3825703125 0.8502638888888889 0.009195312499999986 0.021847222222222247
1 0.495609375 0.18804166666666663 0.014835937500000007 0.028375000000000008
1 0.6098671875 0.23004166666666667 0.011328125 0.025194444444444426
1 0.082828125 0.49522222222222223 0.019421874999999988 0.0209444444444445
1 0.81640625 0.5646666666666667 0.018124999999999857 0.0224444444444444
1 0.21667187499999999 0.20052777777777778 0.0177734375 0.036972222222222226
1 0.45727343749999994 0.6901111111111111 0.011734374999999986 0.01991666666666671
1 0.636234375 0.7599861111111111 0.011374999999999958 0.020388888888888977
1 0.48073437500000005 0.4374444444444444 0.008984375 0.021041666666666636
1 0.667484375 0.57075 0.010648437500000085 0.01822222222222223