1 0.519046875 0.2569444444444444 0.011164062499999971 0.02350000000000002
1 0.43237500000000006 0.6154583333333333 0.010367187499999986 0.023597222222222235
1 0.3671875 0.26411111111111113 0.01411718750000004 0.02415277777777776
1 0.460453125 0.538625 0.014335937499999929 0.027111111111111086
1 0.3911171875 0.5837638888888889 0.010007812499999958 0.024333333333333308
1 0.5835 0.444875 0.008375000000000021 0.023416666666666686
1 0.466796875 0.7643194444444443 0.01085937500000007 0.022527777777777817
1 0.48828125 0.4116805555555556 0.01791406250000005 0.026083333333333295
1 0.1937265625 0.5733472222222222 0.013023437500000012 0.01673611111111105
1 0.2731953125 0.7200555555555557 0.013328124999999958 0.026291666666666675
1 0.5625 0.680125 0.012773437499999929 0.028486111111111097
1 0.44311718750000006 0.8663194444444444 0.00912500000000005 0.026194444444444305
0 0.4956015625 0.41241666666666665 0.004734374999999957 0.009916666666666648