1 0.5258828125 0.20366666666666663 0.008851562499999943 0.026194444444444465
1 0.433109375 0.4008194444444444 0.007968750000000035 0.01686111111111109
1 0.4228515625 0.6098055555555556 0.00971093750000005 0.01879166666666663
1 0.396484375 0.5451388888888888 0.009414062499999964 0.01597222222222222
1 0.6001015625 0.3697916666666667 0.011070312500000058 0.025694444444444443
1 0.48828125 0.7530416666666667 0.008187500000000014 0.020069444444444508
1 0.593265625 0.6870694444444444 0.010734375000000008 0.02069444444444441
1 0.42309374999999994 0.7495694444444445 0.011781249999999943 0.023777777777777627
1 0.4809609375 0.4900138888888889 0.011242187500000079 0.02538888888888885
1 0.365234375 0.15516666666666667 0.010781249999999964 0.02443055555555556
1 0.2580546875 0.7183194444444445 0.014617187500000028 0.027944444444444373
0 0.378421875 0.18316666666666667 0.004453125000000035 0.008750000000000016
1 0.1349609375 0.5386527777777778 0.01584374999999998 0.01751388888888891