1 0.3142109375 0.5868055555555556 0.012429687499999975 0.020541666666666618
1 0.2756328125 0.8520000000000001 0.0119140625 0.02397222222222221
1 0.23522656249999999 0.22330555555555556 0.013687499999999986 0.01886111111111109
1 0.3620625 0.8012222222222222 0.011421875000000003 0.018499999999999912
1 0.3403359375 0.5390694444444445 0.011640624999999983 0.02333333333333327
1 0.3811015625 0.3940972222222222 0.015539062499999989 0.025
1 0.3740234375 0.2543472222222222 0.012531249999999971 0.036000000000000025
1 0.318359375 0.5017361111111112 0.012382812500000017 0.0257777777777777
1 0.388671875 0.5186666666666666 0.010945312499999993 0.02069444444444441
1 0.304203125 0.6844583333333334 0.015015625000000022 0.020541666666666618
1 0.11126562499999999 0.45790277777777777 0.015601562499999977 0.01945833333333332
1 0.753421875 0.5121527777777778 0.016023437499999994 0.027000000000000076
0 0.3264140625 0.578125 0.0037499999999999643 0.006694444444444514