1 0.40503125000000006 0.5208333333333334 0.011507812500000015 0.01886111111111117
1 0.34375 0.8324722222222222 0.011117187500000014 0.023875000000000077
1 0.3356953125 0.6154583333333333 0.010328125000000021 0.019611111111111117
1 0.3227578125 0.6388888888888888 0.012335937499999972 0.020861111111111087
1 0.21862499999999999 0.4548611111111111 0.011875000000000035 0.02013888888888889
1 0.19153125 0.6245694444444444 0.010093750000000012 0.021680555555555574
1 0.3969765625 0.31922222222222224 0.011687500000000028 0.02443055555555552
1 0.236328125 0.8528611111111111 0.012921874999999972 0.019847222222222172
1 0.229734375 0.21690277777777775 0.013429687500000042 0.01822222222222223
1 0.7509765625 0.5360277777777778 0.015781250000000035 0.01945833333333332
1 0.0699453125 0.4934861111111111 0.016664062499999986 0.02134722222222223
1 0.371828125 0.38911111111111113 0.016781250000000015 0.026694444444444482
0 0.2290625 0.46694444444444444 0.005374999999999996 0.011055555555555607