1 0.7880859375 0.3767361111111111 0.019710937500000015 0.024708333333333284
1 0.6640625 0.8059861111111111 0.017179687500000006 0.029833333333333358
1 0.54296875 0.476125 0.014226562500000029 0.027208333333333376
1 0.3439921875 0.2736527777777778 0.014671874999999978 0.031736111111111145
1 0.5288125 0.8255277777777777 0.010781249999999964 0.03327777777777783
0 0.841796875 0.9192777777777777 0.004718749999999971 0.009569444444444583
1 0.397703125 0.7230972222222222 0.010250000000000004 0.019680555555555656
1 0.830078125 0.8116388888888889 0.018265625000000084 0.027111111111111086
1 0.1333046875 0.48741666666666666 0.009296874999999982 0.01765277777777783
1 0.681640625 0.5529583333333333 0.011960937499999958 0.01719444444444444
1 0.6684609375 0.6210972222222222 0.01615625000000005 0.020069444444444508
1 0.857421875 0.6475694444444444 0.0171015624999999 0.031736111111111145
1 0.9292031250000001 0.6445277777777778 0.019500000000000028 0.01843055555555553