1 0.639844 0.324306 0.012500 0.020833
1 0.524219 0.311111 0.007812 0.025000
1 0.700000 0.645139 0.014062 0.018056
1 0.828125 0.504167 0.018750 0.022222
1 0.441015625 0.25277777777777777 0.01171875 0.025
1 0.556641 0.467361 0.011719 0.020833
1 0.622266 0.418056 0.016406 0.027778
1 0.587500 0.888889 0.012500 0.022222
1 0.649609 0.711806 0.011719 0.018056
1 0.289453 0.380556 0.011719 0.025000
1 0.657421875 0.5756944444444444 0.01328125 0.018055555555555554
1 0.753516 0.350694 0.014844 0.018056
0 0.398828 0.299306 0.003906 0.006944