1 0.215578125 0.45052777777777775 0.011734374999999986 0.01991666666666671
1 0.440921875 0.5143194444444444 0.009015624999999972 0.017527777777777784
1 0.3361796875 0.6415 0.013375000000000003 0.01822222222222223
1 0.15153125 0.6762916666666666 0.024992187500000006 0.023499999999999945
1 0.1925078125 0.8615416666666665 0.013843749999999978 0.019680555555555656
1 0.229734375 0.21875 0.014281249999999978 0.018583333333333327
1 0.3481484375 0.8159722222222222 0.011031250000000003 0.02013888888888889
1 0.7314453125 0.54775 0.013124999999999965 0.020305555555555563
1 0.4189453125 0.3700138888888889 0.010453125000000086 0.01822222222222223
1 0.37621875 0.36870833333333336 0.014953124999999989 0.026694444444444482
1 0.0390625 0.5451388888888888 0.018125000000000002 0.01923611111111114
1 0.378125 0.6761666666666666 0.018406249999999957 0.020750000000000077
0 0.159046875 0.6768888888888889 0.0087890625 0.012444444444444496