1 0.23254687500000001 0.21516666666666664 0.014617187500000028 0.03125
1 0.226078125 0.4079861111111111 0.013484374999999993 0.020222222222222145
1 0.3969765625 0.7404583333333333 0.009523437500000042 0.024152777777777915
1 0.5180703125 0.3385416666666667 0.007874999999999943 0.023416666666666686
1 0.07080468749999999 0.5117222222222222 0.01853906249999999 0.019847222222222172
1 0.49292187500000006 0.6861944444444444 0.009968749999999993 0.02102777777777776
1 0.20495312499999999 0.5364583333333334 0.01911718750000002 0.0244305555555556
1 0.8134765625 0.5499166666666666 0.01652343750000007 0.02159722222222216
0 0.29359375 0.7601805555555556 0.0038359374999999752 0.007125000000000151
1 0.4614296875 0.8897638888888889 0.013484374999999993 0.029736111111111223
1 0.554203125 0.4934861111111111 0.008812499999999978 0.015666666666666627
1 0.4477578125 0.29405555555555557 0.015671874999999957 0.03420833333333333
1 0.24943749999999998 0.8415555555555555 0.016890625000000003 0.014194444444444482