0 0.47289843749999994 0.5328611111111111 0.004593750000000086 0.007999999999999988
1 0.21340625000000002 0.15779166666666666 0.02279687499999996 0.02472222222222224
1 0.0987578125 0.48394444444444445 0.018585937500000003 0.021749999999999957
1 0.27734375 0.21212499999999998 0.012624999999999975 0.02826388888888892
1 0.61865625 0.17469444444444446 0.011289062500000035 0.024236111111111094
1 0.48461718749999994 0.16276388888888887 0.013585937500000079 0.03341666666666667
1 0.6884765625 0.5577222222222222 0.012007812499999914 0.02315277777777772
1 0.439453125 0.6493055555555556 0.008984375 0.02045833333333336
1 0.70459375 0.7148472222222223 0.012773437499999929 0.027319444444444466
1 0.826171875 0.5212638888888889 0.0149531249999999 0.025194444444444426
1 0.4770390625 0.5202361111111111 0.012460937500000036 0.018305555555555485
1 0.60546875 0.8329027777777779 0.008289062499999921 0.025486111111110984
1 0.412421875 0.8660833333333334 0.012132812499999979 0.018416666666666654