1 0.1265859375 0.4778611111111111 0.012968750000000018 0.019527777777777703
1 0.565921875 0.5351527777777778 0.011960937499999958 0.018930555555555548
1 0.7543984375 0.5894166666666667 0.01596093750000005 0.028055555555555618
1 0.753421875 0.48306944444444444 0.019640625000000078 0.02262499999999995
1 0.6181640625 0.6415 0.011781249999999943 0.020069444444444508
1 0.3090859375 0.27626388888888886 0.014390624999999968 0.039013888888888855
1 0.880859375 0.5447083333333333 0.019992187500000112 0.022277777777777726
1 0.486328125 0.8302916666666665 0.012007812499999914 0.03398611111111115
1 0.49609375 0.46397222222222223 0.01548437499999995 0.028486111111111097
1 0.3525390625 0.7486944444444443 0.009124999999999961 0.015666666666666627
1 0.616703125 0.7795138888888888 0.01791406250000005 0.04180555555555543
1 0.6645546875 0.31966666666666665 0.016781250000000015 0.02452777777777781
0 0.744984375 0.5024027777777778 0.006218750000000028 0.010944444444444439