1 0.5610390625 0.34961111111111115 0.015078124999999965 0.03594444444444448
1 0.776859375 0.6670972222222222 0.019687500000000035 0.02045833333333336
1 0.705078125 0.6141527777777778 0.017101562500000077 0.030763888888888858
1 0.67578125 0.7374166666666667 0.011828125000000078 0.016527777777777905
1 0.6254921875 0.4411944444444445 0.009164062500000014 0.01673611111111105
1 0.43237500000000006 0.24695833333333334 0.007515624999999915 0.022194444444444468
1 0.8774453125000001 0.5516527777777778 0.0221562500000001 0.021513888888888902
1 0.22302343750000003 0.4600694444444444 0.018187499999999978 0.023875000000000077
1 0.80859375 0.39475000000000005 0.016781250000000015 0.021847222222222247
1 0.7075234375 0.42426388888888894 0.013070312500000014 0.02731944444444439
1 0.693359375 0.40191666666666664 0.010648437500000085 0.02069444444444441
1 0.6694375 0.8888888888888888 0.014226562500000029 0.022194444444444468
0 0.565546875 0.34844444444444445 0.0041171874999999854 0.008402777777777794