1 0.0719609375 0.5069444444444444 0.017718750000000005 0.018930555555555548
1 0.2109375 0.5243055555555556 0.013898437499999972 0.021430555555555487
1 0.2309609375 0.39822222222222226 0.012054687499999961 0.016097222222222266
1 0.2602578125 0.844625 0.008710937499999983 0.018583333333333486
1 0.40258593749999994 0.7335138888888889 0.011960937499999958 0.022194444444444468
1 0.45336718749999994 0.28602777777777777 0.015671874999999957 0.03090277777777778
0 0.3461953125 0.7382777777777777 0.004023437499999982 0.007555555555555631
1 0.5288125 0.33355555555555555 0.008125000000000071 0.021513888888888902
1 0.5673828125 0.5034722222222222 0.012968749999999928 0.02297222222222217
1 0.8056640625 0.5494861111111111 0.0177734375 0.025
1 0.501953125 0.6818611111111111 0.008289062499999921 0.019847222222222172
1 0.47485156249999994 0.8867222222222223 0.008781250000000008 0.0235000000000001
1 0.2339375 0.21363888888888888 0.017507812499999977 0.030097222222222244