1 0.2336953125 0.21883333333333332 0.019070312499999974 0.019013888888888886
1 0.3969765625 0.5199722222222222 0.010171874999999986 0.0209444444444445
1 0.2526875 0.4587638888888889 0.019374999999999965 0.023597222222222235
1 0.3869609375 0.2960138888888889 0.009453125000000017 0.02397222222222221
1 0.0830078125 0.4787361111111111 0.019562499999999993 0.019763888888888914
1 0.25146875 0.8498333333333333 0.01646093750000004 0.022013888888888763
1 0.220703125 0.6302083333333334 0.01548437500000004 0.02297222222222217
1 0.331296875 0.6054722222222222 0.014617187500000028 0.01945833333333332
1 0.3478984375 0.8285555555555555 0.015718750000000004 0.034527777777777637
1 0.3720703125 0.3886666666666666 0.0177734375 0.027208333333333376
1 0.3188515625 0.5967222222222222 0.011531249999999993 0.021527777777777778
1 0.748484375 0.521875 0.018390624999999973 0.03070833333333335
0 0.262171875 0.4637222222222222 0.005507812499999964 0.011041666666666729