1 0.56396875 0.484375 0.015367187500000056 0.02369444444444437
1 0.724125 0.5607638888888888 0.022031250000000037 0.0257777777777777
1 0.9467812500000001 0.6362916666666667 0.01945312500000007 0.019388888888888938
1 0.8295937500000001 0.4262222222222222 0.01652343750000007 0.02262499999999995
1 0.692875 0.8033888888888889 0.013124999999999965 0.02069444444444457
1 0.42358593750000006 0.7174444444444443 0.014734374999999921 0.029833333333333358
1 0.8647500000000001 0.9314305555555555 0.017242187500000127 0.028944444444444332
1 0.3591328125 0.26540277777777777 0.010406250000000039 0.020222222222222225
1 0.8784218750000001 0.7391527777777779 0.018124999999999857 0.02333333333333327
1 0.68896875 0.6427916666666667 0.015539062500000079 0.02126388888888881
1 0.1501484375 0.48741666666666666 0.01640625 0.017069444444444394
1 0.5532265625 0.8354999999999999 0.016664062499999945 0.03252777777777788
0 0.8588906250000001 0.9565972222222222 0.004234375000000057 0.008513888888889041