1 0.521484375 0.31966666666666665 0.009898437500000056 0.02577777777777778
1 0.44140625 0.5212638888888889 0.012570312499999936 0.025583333333333277
1 0.42016406249999994 0.33702777777777776 0.007640624999999979 0.02045833333333336
0 0.380125 0.40581944444444445 0.004812499999999975 0.00987500000000002
1 0.5869140625 0.6436666666666666 0.007484374999999943 0.014958333333333308
1 0.64453125 0.2632361111111111 0.010249999999999915 0.024055555555555545
1 0.6586953125 0.5690138888888889 0.013687499999999986 0.021111111111111174
1 0.50146875 0.40320833333333334 0.013843750000000021 0.030194444444444458
1 0.4423828125 0.24566666666666667 0.008578125000000015 0.01772222222222221
1 0.4921875 0.8619861111111111 0.011875000000000035 0.03054166666666668
1 0.7661171875 0.5160555555555556 0.01353124999999995 0.019388888888888938
1 0.5511328125 0.713875 0.012742187499999957 0.017250000000000022
1 0.3714921875 0.3989166666666667 0.011945312499999972 0.021333333333333353