1 0.4165078125 0.640625 0.01478906250000005 0.020305555555555563
1 0.49731249999999994 0.26411111111111113 0.007874999999999943 0.022194444444444468
1 0.45385937500000006 0.4474861111111111 0.010367187499999986 0.022347222222222265
1 0.37890625 0.24348611111111113 0.011421875000000003 0.016805555555555587
1 0.562015625 0.4631111111111111 0.012007812499999914 0.020541666666666618
1 0.4541015625 0.75 0.009335937500000035 0.025097222222222135
1 0.21423437500000003 0.5525138888888889 0.01395312500000001 0.01865277777777771
1 0.5668984375 0.6575555555555556 0.013429687500000042 0.03090277777777778
1 0.3806171875 0.5677083333333334 0.008578125000000015 0.02038888888888882
1 0.43676562499999994 0.538625 0.013328124999999958 0.026083333333333295
1 0.253171875 0.7300416666666667 0.009671874999999996 0.01945833333333332
1 0.4282265625 0.8493888888888889 0.011242187500000079 0.03762499999999989
0 0.5675078124999999 0.6455 0.0039453124999999645 0.00809722222222228