1 0.154421875 0.48306944444444444 0.017179687500000006 0.022708333333333365
1 0.734375 0.555125 0.014453125 0.019166666666666603
1 0.737796875 0.7825555555555557 0.01615625000000005 0.021847222222222247
1 0.8662109375 0.5056388888888889 0.0154296875 0.021111111111111174
1 0.390140625 0.26084722222222223 0.007843749999999972 0.01822222222222223
1 0.7016640625 0.61675 0.012382812499999929 0.02102777777777776
1 0.620609375 0.5043472222222222 0.014617187500000028 0.026375000000000013
1 0.94921875 0.63325 0.021820312499999873 0.01673611111111105
1 0.4736328125 0.6588611111111111 0.007937500000000064 0.014500000000000075
1 0.8852578125000001 0.8302916666666665 0.01652343750000007 0.024236111111111173
0 0.8452187500000001 0.9322916666666666 0.005343750000000114 0.010472222222222171
1 0.8520546875000001 0.9470555555555555 0.018374999999999985 0.03916666666666673
1 0.5832890625 0.8077916666666667 0.011960937499999958 0.035708333333333384