1 0.6806640625 0.5651111111111111 0.009632812499999944 0.021180555555555557
1 0.44067187499999994 0.6475694444444444 0.007546875000000064 0.018930555555555548
1 0.710453125 0.7191805555555555 0.015304687499999936 0.022708333333333285
1 0.620609375 0.17252777777777778 0.011828125000000078 0.024430555555555542
1 0.8266640625000001 0.5190972222222222 0.01698437499999983 0.027944444444444452
1 0.26844531250000003 0.2609583333333333 0.01484375 0.026430555555555516
1 0.391171875 0.8679861111111111 0.015249999999999986 0.02340277777777765
1 0.0978984375 0.48133333333333334 0.01809375000000001 0.02013888888888889
1 0.59375 0.8697916666666666 0.009054687499999936 0.02752777777777769
1 0.48608593750000006 0.15983333333333333 0.014617187500000028 0.033361111111111126
1 0.20703906249999998 0.153625 0.017085937500000002 0.031805555555555566
1 0.4788125 0.5160138888888889 0.010648437500000085 0.02240277777777777
0 0.474796875 0.5313888888888889 0.0049218749999999645 0.008861111111111104