1 0.45532031249999994 0.4025555555555555 0.009562500000000007 0.022875000000000038
1 0.5258828125 0.20052777777777778 0.007968750000000035 0.027861111111111114
1 0.495609375 0.7647638888888889 0.011640625000000071 0.03518055555555545
1 0.39721875 0.5447083333333333 0.010859374999999982 0.01923611111111114
1 0.4267578125 0.6106805555555556 0.010820312499999929 0.019847222222222172
1 0.5986328125 0.6840277777777778 0.009453124999999929 0.0224444444444444
1 0.6005859375 0.38606944444444447 0.011781249999999943 0.01772222222222221
1 0.483890625 0.49695833333333334 0.013843750000000021 0.029486111111111137
1 0.4301796875 0.75 0.010289062500000057 0.02720833333333322
1 0.13940625 0.5481805555555556 0.018023437499999996 0.019847222222222172
1 0.367921875 0.152125 0.007578125000000035 0.013263888888888905
1 0.2595234375 0.7122361111111111 0.018374999999999985 0.020069444444444508
0 0.3756640625 0.15356944444444443 0.0051015624999999785 0.011111111111111112