1 0.398796875 0.2072638888888889 0.012445312499999962 0.022986111111111127
1 0.3435078125 0.5993888888888889 0.008882812500000004 0.020305555555555563
1 0.5444375 0.625 0.008187500000000014 0.023236111111111138
1 0.4262734375 0.39084722222222223 0.009781249999999986 0.021513888888888902
1 0.2163125 0.6653611111111111 0.012570312500000024 0.01865277777777771
0 0.397953125 0.6193611111111111 0.003960937500000039 0.00791666666666673
1 0.4453125 0.2599861111111111 0.009859374999999915 0.026805555555555572
1 0.581546875 0.41774999999999995 0.009484375000000078 0.022277777777777726
1 0.3420390625 0.5199722222222222 0.009195312499999986 0.017388888888888863
1 0.44140625 0.7578194444444445 0.010984374999999958 0.01998611111111125
1 0.23815624999999999 0.4670138888888889 0.010406250000000039 0.015013888888888813
1 0.3864765625 0.8463611111111111 0.010492187499999962 0.02452777777777789
1 0.379640625 0.5117222222222222 0.016585937500000016 0.025194444444444426