1 0.39624218750000006 0.5408055555555555 0.009968750000000037 0.01629166666666669
1 0.358890625 0.25130555555555556 0.012289062500000014 0.03670833333333334
1 0.1545390625 0.5620694444444444 0.018124999999999992 0.02648611111111118
1 0.447265625 0.7808194444444445 0.009742187500000022 0.028263888888888762
1 0.58203125 0.43445833333333334 0.013687499999999986 0.024527777777777735
1 0.27465625 0.7304722222222223 0.013023437499999967 0.026083333333333295
1 0.43628125000000006 0.6210972222222222 0.010906250000000029 0.01731944444444448
1 0.609375 0.6987916666666667 0.010648437500000085 0.025
1 0.525390625 0.19845833333333332 0.009164062500000014 0.025694444444444443
0 0.4267578125 0.26084722222222223 0.004148437499999958 0.009097222222222237
1 0.47925000000000006 0.398 0.012531249999999971 0.016027777777777728
1 0.4731484375 0.5286527777777777 0.01400781250000005 0.02598611111111116
1 0.5048828125 0.7612916666666667 0.006773437500000057 0.018499999999999912