1 0.515625 0.3135833333333333 0.01146875000000005 0.024902777777777788
1 0.49975781250000006 0.40625 0.01353124999999995 0.02752777777777785
1 0.6391640625 0.2569444444444444 0.012671875000000022 0.02369444444444445
1 0.585453125 0.6393194444444444 0.007007812500000021 0.016347222222222197
1 0.3876953125 0.4079861111111111 0.010945312499999993 0.02159722222222216
1 0.490234375 0.8615416666666665 0.012429687500000064 0.022805555555555655
1 0.41553125 0.33876388888888886 0.009632812499999944 0.018722222222222248
1 0.7666015625 0.5260416666666666 0.015367187500000056 0.0244305555555556
1 0.4350625 0.523 0.008851562499999943 0.019305555555555524
0 0.397953125 0.4290416666666667 0.004265625000000028 0.008458333333333377
1 0.5447578125 0.7131111111111111 0.013210937500000065 0.013583333333333296
1 0.444828125 0.2482638888888889 0.00982031249999995 0.01597222222222222
1 0.654765625 0.5649027777777778 0.015007812500000028 0.022000000000000044