1 0.6850625 0.2905833333333333 0.013218750000000057 0.022097222222222258
1 0.58984375 0.7178888888888889 0.010289062500000057 0.02452777777777781
1 0.5629921875 0.31227777777777777 0.011593749999999936 0.02452777777777781
1 0.46508593749999994 0.31033333333333335 0.010007812499999958 0.025583333333333354
1 0.4365234375 0.22959722222222223 0.009562500000000007 0.02126388888888889
1 0.6171875 0.648 0.016343750000000056 0.022527777777777817
1 0.5380859375 0.40473611111111113 0.013953124999999922 0.03008333333333329
1 0.7822265625 0.4600694444444444 0.019835937500000077 0.023597222222222235
1 0.2954140625 0.29362499999999997 0.010289062499999968 0.021750000000000033
1 0.4868203125 0.48654166666666665 0.01478906250000005 0.025694444444444443
1 0.655765625 0.5742222222222222 0.015078124999999965 0.01879166666666663
0 0.3046875 0.313375 0.005960937499999997 0.012458333333333372
1 0.526859375 0.8828194444444445 0.01548437499999995 0.03327777777777783