1 0.23059375000000001 0.22677777777777777 0.01791406249999996 0.03559722222222222
1 0.43359375 0.6670972222222222 0.014117187499999951 0.020069444444444508
1 0.4751015625 0.5047777777777778 0.012726562499999972 0.02333333333333327
1 0.39184375 0.3292083333333333 0.01610156250000001 0.032708333333333346
1 0.034484375 0.57075 0.019500000000000003 0.01808333333333331
1 0.4458046875 0.329 0.012148437499999965 0.028833333333333322
1 0.7602578125 0.53125 0.016984375000000006 0.022875000000000038
1 0.3884296875 0.8246527777777778 0.013484374999999993 0.026694444444444482
1 0.160890625 0.8272638888888889 0.016156250000000004 0.029624999999999898
1 0.357421875 0.6705694444444444 0.011031250000000003 0.0228055555555555
1 0.190921875 0.4201388888888889 0.0177734375 0.01731944444444448
1 0.0894140625 0.6220972222222223 0.0195078125 0.02552777777777777