1 0.497390625 0.49625 0.019359374999999977 0.017305555555555605
1 0.20234375 0.425 0.0125 0.016666666666666666
1 0.4498203125 0.6750972222222222 0.013156249999999935 0.018388888888888903
1 0.37272656249999997 0.6815416666666666 0.013179687500000004 0.028513888888888853
1 0.40844531249999994 0.3222638888888889 0.016984375000000006 0.03090277777777778
1 0.45971875000000006 0.31554166666666666 0.007375000000000043 0.02244444444444448
1 0.23230468750000002 0.2200138888888889 0.01484375 0.02109722222222222
1 0.1692421875 0.8140972222222221 0.015640624999999984 0.021888888888888878
1 0.047265625 0.5464583333333333 0.01953125 0.01700000000000001
1 0.1255625 0.5799444444444445 0.023453124999999984 0.01918055555555548
0 0.11920312500000001 0.5976527777777778 0.0050390624999999915 0.011444444444444457
1 0.40649218749999994 0.8381111111111111 0.011203124999999935 0.019527777777777703
1 0.779765625 0.5320694444444444 0.019359374999999977 0.021638888888888947