1 0.417484375 0.37651388888888887 0.010734375000000008 0.04315277777777781
1 0.43042187500000006 0.5190972222222222 0.012335937499999972 0.02077777777777783
1 0.2302265625 0.21843055555555557 0.015187500000000043 0.019013888888888886
0 0.187015625 0.5572916666666666 0.004382812500000011 0.008361111111111087
1 0.3725625 0.3817222222222222 0.015015625000000022 0.027208333333333376
1 0.20739843750000003 0.8641527777777779 0.0140625 0.02333333333333327
1 0.166015625 0.6493055555555556 0.018187499999999978 0.020541666666666618
1 0.34375 0.6697083333333333 0.012335937499999972 0.019305555555555524
1 0.0496796875 0.5329861111111112 0.018507812499999998 0.016805555555555587
1 0.3422890625 0.6410555555555556 0.012968750000000018 0.01686111111111109
1 0.22936718749999999 0.4461805555555556 0.01724218750000004 0.019611111111111117
1 0.7333984375 0.555125 0.01640625 0.02134722222222223
1 0.3403359375 0.8207500000000001 0.008640624999999957 0.01991666666666655