1 0.698734375 0.6510416666666666 0.011031249999999914 0.01886111111111117
1 0.706546875 0.8042499999999999 0.0177734375 0.026375000000000013
1 0.4365234375 0.7018194444444443 0.011289062500000035 0.022874999999999958
1 0.8447265625 0.4565972222222222 0.015367187500000056 0.022347222222222265
1 0.371828125 0.26887500000000003 0.012531249999999971 0.023236111111111138
1 0.8916015625 0.7717083333333333 0.01698437499999983 0.028624999999999862
1 0.577640625 0.4861111111111111 0.014281249999999978 0.022194444444444468
1 0.5688515625 0.8246527777777778 0.010132812500000022 0.019013888888888966
1 0.744140625 0.5607638888888888 0.011507812500000015 0.018930555555555548
1 0.154421875 0.48568055555555556 0.017718750000000005 0.01700000000000001
1 0.9516640625000001 0.6345555555555555 0.026812500000000128 0.017263888888888818
1 0.8715859375000001 0.9557361111111111 0.014453125 0.026486111111111023
0 0.8590234375 0.9459027777777778 0.007062499999999972 0.009874999999999861