1 0.440625 0.861806 0.007812 0.020833
1 0.199219 0.564583 0.014062 0.015278
1 0.56015625 0.6666666666666666 0.009375 0.027777777777777776
1 0.578516 0.449306 0.011719 0.020833
1 0.369531 0.259028 0.009375 0.015278
1 0.430469 0.622222 0.010937 0.016667
1 0.45625 0.7680555555555556 0.009375 0.025
1 0.271484 0.725694 0.014844 0.018056
1 0.514844 0.263194 0.007812 0.023611
1 0.389062 0.583333 0.009375 0.022222
0 0.504297 0.448611 0.003906 0.008333
1 0.473828 0.436806 0.014844 0.037500
1 0.454688 0.540972 0.012500 0.026389