1 0.562015625 0.5642361111111112 0.010453125000000086 0.015138888888888858
1 0.5361328125 0.26106944444444447 0.010007812499999958 0.02333333333333335
1 0.476078125 0.45181944444444444 0.014453125 0.024333333333333308
1 0.42065625000000006 0.5941805555555556 0.007695312499999929 0.019305555555555524
1 0.4965859375 0.6310833333333333 0.008125000000000071 0.01850000000000007
1 0.4555703125 0.25 0.013070312500000014 0.026694444444444482
0 0.4697265625 0.5282083333333334 0.003828125000000071 0.007527777777777721
1 0.3674296875 0.3274722222222222 0.009781249999999986 0.01952777777777778
1 0.5126953125 0.7322083333333335 0.006289062499999965 0.018499999999999912
1 0.521484375 0.46875 0.008093749999999922 0.01843055555555553
1 0.43725781250000006 0.41080555555555553 0.008742187500000043 0.017875000000000005
1 0.663578125 0.586375 0.015304687499999936 0.022875000000000038
1 0.40210156250000006 0.7994861111111111 0.009968749999999993 0.03366666666666668