1 0.0720859375 0.5308194444444444 0.01905468750000001 0.020069444444444508
1 0.41870312500000006 0.657125 0.010984374999999958 0.02369444444444437
1 0.7836953125 0.5447083333333333 0.014171875000000079 0.023055555555555586
1 0.328859375 0.8420138888888888 0.008781250000000008 0.021027777777777916
1 0.262453125 0.43533333333333335 0.01478906249999996 0.028944444444444488
1 0.5810546875 0.7083333333333334 0.012195312499999921 0.022097222222222258
1 0.48828125 0.24240277777777777 0.014499999999999957 0.030402777777777758
1 0.49194531250000006 0.8398472222222223 0.016101562499999923 0.040527777777777864
1 0.6372109375 0.5638055555555556 0.009453124999999929 0.036208333333333405
0 0.4716796875 0.7699722222222222 0.0038828125000000212 0.006097222222222361
1 0.39782812500000003 0.40570833333333334 0.02503124999999997 0.01897222222222218
1 0.5859375 0.30469444444444443 0.011875000000000035 0.023236111111111138
1 0.228921875 0.22081944444444446 0.018820312500000026 0.025097222222222212