1 0.127078125 0.4730972222222222 0.01374218749999998 0.02045833333333336
1 0.5771484375 0.6796944444444445 0.014734374999999921 0.029374999999999967
1 0.5302734375 0.5225694444444444 0.01205468750000005 0.023416666666666686
1 0.2944375 0.26605555555555555 0.007640624999999979 0.016666666666666666
1 0.4672890625 0.8276944444444445 0.009453124999999929 0.03204166666666658
1 0.7041015625 0.6610277777777778 0.01652343750000007 0.022527777777777817
1 0.6059609375 0.7573749999999999 0.012828125000000056 0.02443055555555544
1 0.4770546875 0.4596388888888889 0.012570312499999936 0.023777777777777783
1 0.8623046875 0.5160555555555556 0.022890625000000143 0.026083333333333295
1 0.6137734375 0.30751388888888886 0.015671874999999957 0.029736111111111147
1 0.3396015625 0.7660555555555555 0.010492187499999962 0.019763888888888914
0 0.7231484375 0.48047222222222224 0.004250000000000043 0.006361111111111168
1 0.73975 0.4201388888888889 0.009085937500000085 0.018930555555555548