1 0.29565625 0.8372361111111111 0.011507812500000015 0.02013888888888889
1 0.255375 0.2484861111111111 0.013328124999999958 0.0231527777777778
1 0.46655468750000006 0.4600694444444444 0.013124999999999965 0.021430555555555487
1 0.46606249999999994 0.7994861111111111 0.01640625 0.035000000000000066
1 0.43359375 0.53125 0.015304687499999936 0.028055555555555618
1 0.447265625 0.6362916666666667 0.014171875000000079 0.0244305555555556
1 0.40160937499999994 0.7178888888888889 0.017101562500000035 0.025194444444444505
1 0.4091796875 0.44575 0.012671875000000022 0.022708333333333365
1 0.41723437499999994 0.24630555555555556 0.008578125000000015 0.020305555555555563
1 0.12445312500000001 0.4752638888888889 0.01363281249999999 0.019847222222222172
1 0.787109375 0.5829027777777778 0.019640625000000078 0.024902777777777708
1 0.40160937499999994 0.8164027777777777 0.009375 0.01991666666666655
0 0.4722421875 0.8007638888888888 0.0038671875000000355 0.007999999999999988