1 0.49682812500000006 0.49956944444444445 0.012570312499999936 0.022708333333333365
1 0.047703125 0.5490416666666667 0.022203125000000008 0.01731944444444448
1 0.40453906249999994 0.8368055555555556 0.012101562500000006 0.020069444444444508
1 0.199828125 0.4255694444444445 0.013429687499999999 0.02038888888888882
1 0.166140625 0.8168472222222222 0.013023437500000012 0.018652777777777865
1 0.4072265625 0.32595833333333335 0.017242187499999995 0.04299999999999997
1 0.3720703125 0.6814305555555555 0.013023437499999967 0.025694444444444443
1 0.44750781249999994 0.6758611111111111 0.010570312499999979 0.02588888888888887
1 0.45678906250000006 0.316625 0.013484374999999993 0.026694444444444403
1 0.7783203125 0.5334166666666667 0.015367187500000056 0.02297222222222217
1 0.1227265625 0.5809861111111111 0.026664062499999995 0.024833333333333325
0 0.11596875 0.6024305555555556 0.0051015624999999785 0.00909722222222216
1 0.23292968749999998 0.22084722222222222 0.019265624999999974 0.02655555555555556