1 0.70703125 0.6575555555555556 0.017304687500000072 0.023875000000000077
1 0.5791015625 0.6762222222222222 0.016023437499999994 0.02826388888888892
1 0.2954140625 0.2667083333333333 0.008882812500000004 0.01945833333333332
1 0.5322265625 0.5234444444444445 0.013429687500000042 0.02201388888888892
1 0.6083984375 0.765625 0.014734374999999921 0.03697222222222207
1 0.3403359375 0.7647638888888889 0.010492187499999962 0.01991666666666655
1 0.7412109375 0.42643055555555553 0.012195312499999921 0.026902777777777782
1 0.8657265625000001 0.5182361111111111 0.020296875000000013 0.025486111111111143
1 0.1271953125 0.47352777777777777 0.013375000000000003 0.019986111111111093
0 0.7236328125 0.48525 0.003898437500000007 0.007666666666666641
1 0.46948437500000006 0.8285555555555555 0.011164062499999971 0.03963888888888884
1 0.619140625 0.30924999999999997 0.013484374999999993 0.027430555555555555
1 0.478515625 0.4596388888888889 0.012382812499999929 0.023055555555555586