1 0.1267109375 0.47656944444444443 0.013273437500000007 0.019847222222222172
1 0.8803750000000001 0.5395 0.016921874999999885 0.024236111111111173
1 0.7470703125 0.6041666666666666 0.011289062500000035 0.0224444444444444
1 0.305421875 0.26887500000000003 0.011640624999999983 0.02397222222222221
1 0.48046875 0.8250833333333333 0.014835937500000007 0.030402777777777917
1 0.609375 0.6501805555555555 0.016843749999999956 0.024055555555555625
1 0.49145312499999994 0.4618055555555556 0.014281249999999978 0.025291666666666716
1 0.6567421875 0.31966666666666665 0.014453125 0.02762499999999998
1 0.75390625 0.46484722222222224 0.021007812500000077 0.02762499999999998
1 0.349359375 0.7507638888888888 0.014179687499999982 0.017194444444444595
0 0.7373046875 0.492625 0.004609375000000071 0.009680555555555593
1 0.55878125 0.5301944444444444 0.01392187499999995 0.01416666666666673
1 0.6151093750000001 0.7695972222222223 0.01696093750000003 0.028597222222222107