1 0.24622656250000002 0.23636111111111113 0.016429687499999977 0.02706944444444446
1 0.382328125 0.6002638888888889 0.009375 0.02333333333333327
1 0.1238984375 0.47179166666666666 0.014617187499999984 0.021930555555555505
1 0.3833046875 0.7994861111111111 0.00809375000000001 0.021111111111111174
1 0.41039843749999994 0.5125833333333334 0.009859374999999915 0.017597222222222167
1 0.3908671875 0.2369861111111111 0.011468749999999962 0.030402777777777758
1 0.40063281249999994 0.48394444444444445 0.012671875000000022 0.022347222222222265
0 0.420359375 0.754 0.006742187500000085 0.011277777777777626
1 0.2783203125 0.844625 0.008953125000000029 0.01779166666666659
1 0.4106484375 0.7222222222222222 0.013171874999999921 0.030402777777777838
1 0.76171875 0.5481805555555556 0.020218750000000084 0.019388888888888938
1 0.39209375 0.4283888888888889 0.013843750000000021 0.0244305555555556
1 0.348875 0.6662361111111111 0.011070312499999967 0.016527777777777745