1 0.126953125 0.48004166666666664 0.013125000000000008 0.02069444444444441
1 0.628421875 0.6341111111111111 0.010734375000000008 0.024236111111111173
1 0.5771484375 0.5395 0.013687499999999986 0.021430555555555487
1 0.356203125 0.7434861111111111 0.007664062499999957 0.01822222222222207
1 0.679203125 0.3274722222222222 0.01743749999999995 0.032902777777777774
1 0.620609375 0.7842916666666667 0.012570312499999936 0.025097222222222135
1 0.7675234375 0.5681805555555555 0.012484375000000015 0.02315277777777772
1 0.3083515625 0.26758333333333334 0.006984375000000043 0.01573611111111109
1 0.759765625 0.5004305555555556 0.019273437500000056 0.027944444444444452
1 0.5004921875 0.46484722222222224 0.012429687500000064 0.027111111111111086
1 0.8891640625000001 0.5486111111111112 0.013953125000000099 0.023875000000000077
1 0.48852343749999994 0.8207500000000001 0.010093750000000058 0.013680555555555429
0 0.771765625 0.5695972222222222 0.003617187500000085 0.006472222222222178