1 0.5087890625 0.7395833333333334 0.008742187500000043 0.01765277777777783
1 0.5532265625 0.2482638888888889 0.007578125000000035 0.024236111111111094
1 0.501953125 0.6410555555555556 0.009671875000000085 0.019611111111111117
1 0.3879375 0.34115277777777775 0.010781249999999964 0.017944444444444468
1 0.42992968749999994 0.5924444444444444 0.011640625000000071 0.01945833333333332
1 0.572265625 0.555125 0.011960937499999958 0.02013888888888889
1 0.42016406249999994 0.8038194444444444 0.010093750000000058 0.026805555555555492
1 0.47729687500000006 0.454 0.013796875000000064 0.023499999999999945
1 0.5444375 0.45355555555555555 0.008289062499999921 0.023416666666666686
0 0.48828125 0.5729166666666666 0.0038671875000000355 0.006930555555555568
1 0.69921875 0.6006944444444444 0.013687499999999986 0.020611111111111156
1 0.443359375 0.37738888888888894 0.008851562499999943 0.019083333333333345
1 0.458984375 0.24740277777777778 0.007937500000000064 0.015319444444444406