1 0.1259765625 0.47959722222222223 0.011874999999999991 0.019847222222222172
1 0.3759765625 0.7317777777777777 0.007757812499999961 0.01843055555555553
0 0.8178750000000001 0.8177083333333334 0.00467968749999983 0.007263888888888914
1 0.521484375 0.46875 0.012867187500000021 0.027430555555555555
1 0.8940468750000001 0.6119861111111111 0.024843750000000143 0.01879166666666663
1 0.323734375 0.2682361111111111 0.008515624999999982 0.01772222222222221
1 0.6528359375 0.6137222222222222 0.010531250000000015 0.01991666666666671
1 0.6259765625 0.5451388888888888 0.012382812499999929 0.018013888888888926
1 0.505859375 0.8111944444444443 0.00867187499999993 0.020861111111111087
1 0.8203125 0.5629305555555556 0.017992187500000156 0.027111111111111086
1 0.73975 0.3454861111111111 0.015835937499999987 0.024805555555555574
1 0.7958984375 0.6310833333333333 0.015601562499999933 0.03184722222222215
1 0.6391640625 0.7942777777777777 0.011687500000000028 0.014055555555555405