1 0.382078125 0.2662777777777778 0.009968749999999993 0.02234722222222219
1 0.859375 0.48306944444444444 0.015671874999999957 0.01879166666666663
1 0.5966796875 0.4934861111111111 0.015249999999999986 0.0262916666666666
1 0.583984375 0.8242222222222223 0.009562500000000007 0.03054166666666668
1 0.4560546875 0.6796944444444445 0.00806249999999995 0.02045833333333336
0 0.8588906250000001 0.9427083333333334 0.0063437499999999146 0.009722222222222222
1 0.1546640625 0.48525 0.015960937500000005 0.0196805555555555
1 0.7290078125 0.7973055555555555 0.016343750000000056 0.021513888888888902
1 0.9516640625000001 0.6341111111111111 0.023195312500000044 0.01719444444444444
1 0.8950234375000001 0.8107638888888888 0.017046875000000128 0.029486111111111137
1 0.745609375 0.5520833333333334 0.009671875000000085 0.017875000000000005
1 0.6962890625 0.6462638888888889 0.012570312499999936 0.01829166666666661
1 0.8647500000000001 0.9574722222222222 0.018124999999999857 0.04195833333333338