1 0.554203125 0.31206944444444445 0.011031249999999914 0.027111111111111086
1 0.47729687500000006 0.48827777777777776 0.011960937499999958 0.021180555555555557
1 0.58203125 0.7191805555555555 0.011374999999999958 0.019305555555555604
1 0.5283203125 0.4053888888888889 0.013374999999999915 0.029166666666666667
1 0.6103515625 0.6514722222222222 0.010648437500000085 0.022277777777777726
1 0.65625 0.5763888888888888 0.015835937499999987 0.01879166666666663
1 0.45336718749999994 0.319875 0.010695312500000043 0.02862500000000002
1 0.521 0.8815138888888889 0.00971093750000005 0.024055555555555466
1 0.3005390625 0.32379166666666664 0.01021093750000004 0.022875000000000038
1 0.7802734375 0.46875 0.015781250000000035 0.020861111111111087
1 0.4360390625 0.22959722222222223 0.008812499999999978 0.016527777777777745
0 0.315671875 0.34331944444444445 0.0060703124999999854 0.01047222222222225
1 0.6774140625 0.28418055555555555 0.014242187500000014 0.030083333333333368