1 0.4653359375 0.3168472222222222 0.012921874999999972 0.023777777777777783
1 0.5063515625 0.49695833333333334 0.011828125000000078 0.01945833333333332
1 0.37890625 0.6901111111111111 0.012054687499999961 0.020222222222222145
1 0.788578125 0.5347222222222222 0.014953125000000077 0.022347222222222265
1 0.45483593750000006 0.6814305555555555 0.009414062499999964 0.02369444444444437
1 0.053984374999999994 0.5512222222222222 0.019195312499999995 0.021749999999999957
1 0.23107812499999997 0.2177777777777778 0.01478906249999996 0.02102777777777776
1 0.1761484375 0.8059861111111111 0.01530468749999998 0.020611111111110997
1 0.41382031250000006 0.8480972222222222 0.011289062500000035 0.03290277777777785
1 0.1409921875 0.5755277777777777 0.01968749999999999 0.024805555555555574
1 0.41430468749999994 0.316625 0.01548437499999995 0.025486111111111143
0 0.1335625 0.5807083333333334 0.006242187500000007 0.011708333333333263
1 0.21145312500000002 0.4285833333333333 0.02198437499999999 0.025166666666666674