1 0.440921875 0.4149305555555556 0.009335937500000035 0.014500000000000075
1 0.538578125 0.2753888888888889 0.010054687499999914 0.02126388888888889
1 0.369875 0.34049999999999997 0.00948437499999999 0.01700000000000001
1 0.423828125 0.5885416666666666 0.00929687500000007 0.013888888888888888
1 0.40698437500000006 0.7782083333333333 0.009484375000000078 0.017597222222222323
1 0.5239296875 0.47352777777777777 0.008414062499999986 0.01945833333333332
1 0.4599609375 0.24804166666666666 0.01146875000000005 0.02201388888888892
1 0.5043984375 0.6306388888888889 0.009234374999999951 0.01886111111111117
1 0.564453125 0.5646666666666667 0.008000000000000007 0.016597222222222284
1 0.6611328125 0.5802916666666667 0.010695312500000043 0.0257777777777777
0 0.46996874999999994 0.5182361111111111 0.004203125000000085 0.007972222222222235
1 0.48168749999999994 0.453125 0.014390625000000056 0.024236111111111173
1 0.5107421875 0.7170138888888888 0.009164062500000014 0.026194444444444385