1 0.524609375 0.47291666666666665 0.00703125 0.018055555555555554
1 0.458984 0.249306 0.011719 0.020833
1 0.405469 0.777778 0.010937 0.016667
1 0.367969 0.335417 0.010937 0.020833
1 0.439844 0.413889 0.009375 0.013889
1 0.42421875 0.5944444444444444 0.009375 0.019444444444444445
1 0.564453125 0.5645833333333333 0.00859375 0.018055555555555554
1 0.662109 0.587500 0.008594 0.027778
1 0.503906 0.629167 0.007812 0.016667
1 0.538281 0.275000 0.009375 0.022222
1 0.512891 0.722917 0.007031 0.018056
0 0.469531 0.518056 0.003125 0.005556
1 0.480859375 0.4527777777777778 0.01484375 0.025