1 0.30369531250000004 0.3065555555555556 0.018148437500000014 0.02390277777777775
1 0.634765625 0.7057361111111111 0.009085937500000085 0.014833333333333342
1 0.8178750000000001 0.48220833333333335 0.015960937499999873 0.020305555555555563
1 0.73828125 0.3428888888888889 0.010570312499999979 0.020611111111111077
1 0.515140625 0.29015277777777776 0.00912500000000005 0.01772222222222221
1 0.4384765625 0.23741666666666666 0.007007812500000021 0.011708333333333343
1 0.6552734375 0.5750833333333334 0.011421874999999915 0.020541666666666618
1 0.603515625 0.413625 0.012726562499999972 0.029374999999999967
1 0.679203125 0.648875 0.017179687500000006 0.028833333333333322
1 0.6235390625 0.31858333333333333 0.007906249999999915 0.02045833333333336
1 0.5654296875 0.8884583333333335 0.013742187499999937 0.025291666666666716
1 0.5390625 0.4756944444444444 0.01040624999999995 0.026194444444444465
0 0.3478984375 0.27843055555555557 0.004132812499999972 0.009069444444444406