1 0.40063281249999994 0.43727777777777777 0.012968749999999973 0.02369444444444437
1 0.124875 0.47352777777777777 0.014671875000000023 0.018722222222222248
1 0.4033203125 0.23568055555555556 0.009164062500000014 0.024333333333333308
1 0.288578125 0.8415833333333335 0.013632812500000036 0.028263888888888762
1 0.4395546875 0.7733194444444444 0.017093750000000085 0.024597222222222274
1 0.3754921875 0.6922777777777778 0.009968749999999993 0.017597222222222167
1 0.25 0.23980555555555555 0.012828124999999968 0.017944444444444468
1 0.435546875 0.4704027777777778 0.01994531249999998 0.021277777777777847
1 0.41528124999999994 0.617625 0.014499999999999957 0.015666666666666627
1 0.393796875 0.8094583333333333 0.009742187500000022 0.02077777777777783
1 0.422640625 0.5205 0.01639843750000001 0.021041666666666636
1 0.77734375 0.5638055555555556 0.016101562499999923 0.01886111111111117
0 0.4476484375 0.782875 0.0049218749999999645 0.009513888888888763