1 0.50390625 0.7690972222222222 0.007937500000000064 0.02443055555555544
1 0.5258828125 0.19943055555555556 0.008312500000000079 0.026291666666666675
1 0.3969765625 0.5412361111111111 0.009898437500000013 0.015541666666666742
1 0.4731484375 0.3995277777777778 0.010210937499999951 0.01945833333333332
1 0.3623046875 0.21212499999999998 0.009742187500000022 0.019847222222222252
1 0.6064453125 0.6961805555555556 0.015187500000000043 0.024055555555555625
1 0.1474609375 0.5533888888888889 0.013273437500000007 0.01779166666666659
1 0.5913125 0.4285972222222222 0.011421874999999915 0.027111111111111086
1 0.43432812500000006 0.6219583333333334 0.012570312499999936 0.019166666666666603
1 0.2700234375 0.7170138888888888 0.01219531250000001 0.016805555555555508
0 0.3967265625 0.2179861111111111 0.004203124999999997 0.008513888888888883
1 0.4790078125 0.5221388888888889 0.013484374999999993 0.02648611111111118
1 0.44214062500000006 0.7704027777777779 0.008984375 0.014055555555555405