1 0.4321328125 0.398875 0.007343750000000071 0.013472222222222285
1 0.48828125 0.7573749999999999 0.009859374999999915 0.029944444444444367
1 0.599609375 0.36913888888888885 0.010210937499999951 0.025291666666666716
1 0.42334375 0.7565138888888889 0.012773437499999929 0.03963888888888884
1 0.42211718749999994 0.6098055555555556 0.010171874999999986 0.01865277777777771
1 0.3955078125 0.5447083333333333 0.009484375000000034 0.016347222222222197
1 0.525390625 0.2033472222222222 0.008617187499999979 0.025874999999999995
0 0.3774453125 0.18316666666666667 0.004554687500000032 0.009138888888888867
1 0.1331796875 0.5381944444444444 0.014671875000000023 0.01850000000000007
1 0.5922890625 0.6866388888888889 0.011070312500000058 0.02159722222222216
1 0.2568359375 0.7170138888888888 0.012289062500000014 0.0231527777777778
1 0.4809609375 0.4900138888888889 0.012195312499999921 0.02752777777777785
1 0.36946875 0.15393055555555554 0.015476562499999957 0.02162499999999999