1 0.72265625 0.6440972222222222 0.01646093749999995 0.01865277777777771
1 0.443359375 0.25022222222222223 0.007343750000000071 0.017944444444444468
1 0.5336953125 0.3263888888888889 0.00912500000000005 0.021180555555555557
1 0.612796875 0.8854166666666666 0.008218749999999986 0.02244444444444456
1 0.6626015625 0.33268055555555553 0.009898437500000056 0.021597222222222236
1 0.5727578125 0.45529166666666665 0.010820312499999929 0.022347222222222265
1 0.6513671875 0.41927777777777775 0.013796875000000064 0.027208333333333376
1 0.66796875 0.5794305555555556 0.016023437499999994 0.01865277777777771
1 0.7680703125 0.35438888888888886 0.016585937500000016 0.021680555555555536
1 0.8427734375 0.5243055555555556 0.016921874999999885 0.02077777777777783
1 0.2736796875 0.42295833333333327 0.012484375000000015 0.025583333333333277
0 0.47265625 0.32269444444444445 0.0037499999999999643 0.007944444444444483
1 0.6616328125 0.724 0.014773437500000064 0.016208333333333436