1 0.1693125 0.48741666666666666 0.0177734375 0.01923611111111114
1 0.8393593750000001 0.7721388888888889 0.01621875000000017 0.028944444444444332
1 0.662109375 0.7586805555555556 0.012429687500000064 0.020222222222222145
1 0.7465859375 0.4587638888888889 0.016984375000000006 0.024333333333333308
1 0.9350625000000001 0.5360277777777778 0.025757812499999845 0.022708333333333365
1 0.4086953125 0.24783333333333332 0.010570312499999979 0.023416666666666686
1 0.6796875 0.5412361111111111 0.016101562499999923 0.01850000000000007
0 0.7211953125 0.461375 0.003992187499999922 0.008069444444444369
1 0.853515625 0.5004305555555556 0.016281250000000115 0.029263888888888957
1 0.724609375 0.523 0.011421874999999915 0.019083333333333345
1 0.7666015625 0.6415 0.015249999999999986 0.018361111111111147
1 0.7602578125 0.9192777777777777 0.012484375000000015 0.023416666666666527
1 0.5380859375 0.47512499999999996 0.00717187500000005 0.021222222222222184