1 0.1796875 0.4861111111111111 0.014789062500000005 0.01991666666666671
0 0.6762734375 0.45702777777777776 0.003929687499999978 0.008013888888888864
1 0.4184609375 0.24630555555555556 0.009562500000000007 0.022194444444444468
1 0.7109375 0.48306944444444444 0.011734374999999986 0.019013888888888966
1 0.6645546875 0.4887222222222222 0.011734374999999986 0.01879166666666663
1 0.73046875 0.46484722222222224 0.01400781250000005 0.029736111111111067
1 0.826171875 0.7230972222222222 0.016281250000000115 0.029486111111111137
1 0.722171875 0.9131944444444444 0.016726562500000063 0.024055555555555466
1 0.67578125 0.7417499999999999 0.01049218750000005 0.024236111111111173
1 0.83984375 0.45920833333333333 0.0194218750000001 0.02297222222222217
1 0.7451171875 0.6315138888888889 0.017304687500000072 0.026805555555555492
1 0.9116250000000001 0.5420972222222222 0.020414062500000087 0.02038888888888882
1 0.5434609375 0.4305555555555556 0.009742187500000022 0.014111111111111067