1 0.47840625000000003 0.5163055555555556 0.009695312500000063 0.01995833333333334
0 0.475015625 0.5308333333333333 0.004140624999999965 0.00980555555555548
1 0.44067187499999994 0.6467083333333333 0.008414062499999986 0.01879166666666663
1 0.679203125 0.5611944444444444 0.009929687500000029 0.023597222222222235
1 0.2641640625 0.27344444444444443 0.010406250000000039 0.01923611111111114
1 0.7099609375 0.7213611111111111 0.011687500000000028 0.024055555555555545
1 0.2053203125 0.15929166666666666 0.014835937500000007 0.030402777777777758
1 0.389890625 0.8693611111111111 0.014734375000000011 0.022097222222222337
1 0.620609375 0.17404166666666668 0.012867187500000021 0.0282638888888889
1 0.599609375 0.8815138888888889 0.007695312499999929 0.02069444444444457
1 0.8266640625000001 0.5182361111111111 0.0173828125 0.026375000000000013
1 0.093875 0.48827777777777776 0.0204921875 0.03705555555555549
1 0.486328125 0.15875 0.014734374999999921 0.03315277777777778