1 0.7106640625 0.5581666666666667 0.012734374999999964 0.017069444444444394
1 0.8588906250000001 0.5546944444444445 0.015960937499999873 0.019986111111111093
1 0.720171875 0.5587777777777778 0.007257812499999972 0.019763888888888914
1 0.599609375 0.7573749999999999 0.009968749999999993 0.024152777777777915
1 0.50146875 0.6080694444444444 0.008289062499999921 0.019013888888888966
1 0.7602578125 0.7443611111111111 0.015249999999999986 0.025291666666666716
1 0.6689453125 0.49522222222222223 0.016664062499999945 0.029055555555555498
1 0.8598671875000001 0.8949722222222222 0.015484375000000128 0.026291666666666755
1 0.94921875 0.6315138888888889 0.022031249999999857 0.01822222222222223
1 0.8486328125 0.9427083333333334 0.013125000000000142 0.024152777777777915
1 0.1572265625 0.48525 0.01710156249999999 0.018013888888888926
0 0.8325234375000001 0.8611111111111112 0.003765625000000128 0.007013888888888826
1 0.3922890625 0.24665277777777778 0.013625000000000043 0.020680555555555535