1 0.3908671875 0.24175 0.011164062499999971 0.02762499999999998
1 0.7099609375 0.5594583333333334 0.011687500000000028 0.019305555555555524
1 0.7177734375 0.55425 0.008921875000000056 0.01416666666666673
1 0.841796875 0.8832500000000001 0.01698437499999983 0.029833333333333358
0 0.794921875 0.6861944444444444 0.004507812499999986 0.008583333333333264
1 0.15746875 0.48394444444444445 0.0154296875 0.01945833333333332
1 0.8520546875000001 0.5685833333333333 0.01717968749999983 0.01865277777777771
1 0.7802734375 0.6966111111111111 0.01724218749999995 0.0257777777777777
1 0.826171875 0.9375 0.014499999999999957 0.02369444444444437
1 0.689453125 0.48220833333333335 0.01771875000000005 0.025
1 0.611328125 0.7569444444444444 0.012531249999999971 0.022277777777777726
1 0.51171875 0.5785555555555556 0.010453125000000086 0.0446805555555555
1 0.9520625 0.6132777777777778 0.020882812500000014 0.04713888888888881