1 0.67725 0.5368888888888889 0.010734375000000008 0.020541666666666618
1 0.7622109375 0.6393194444444444 0.018234374999999935 0.025583333333333277
1 0.8540078125000001 0.4965277777777778 0.01698437499999983 0.02201388888888892
1 0.66796875 0.7573749999999999 0.010132812500000022 0.018652777777777865
1 0.7446328125 0.4600694444444444 0.013953124999999922 0.027944444444444452
1 0.8388671875 0.7704027777777779 0.0147343750000001 0.03477777777777773
0 0.710453125 0.4600694444444444 0.004234375000000057 0.008194444444444412
1 0.931640625 0.5381944444444444 0.0221562500000001 0.022708333333333365
1 0.4106484375 0.25151388888888887 0.010695312500000043 0.021430555555555564
1 0.7208203125 0.5110555555555555 0.014664062499999986 0.023819444444444414
1 0.7529296875 0.9210138888888889 0.011164062499999971 0.021180555555555557
1 0.5404765625 0.4650972222222222 0.010664062500000071 0.013791666666666598
1 0.17124999999999999 0.48608333333333337 0.01755468750000002 0.026402777777777765