1 0.2451171875 0.23545833333333333 0.014898437500000038 0.026999999999999996
1 0.40063281249999994 0.4861111111111111 0.014671874999999978 0.02598611111111116
1 0.3806171875 0.5998333333333333 0.010570312499999979 0.022277777777777726
0 0.4194375 0.7517361111111112 0.004593750000000086 0.009958333333333434
1 0.3481484375 0.6653611111111111 0.011203125000000026 0.019083333333333345
1 0.3896484375 0.23568055555555556 0.010781249999999964 0.02350000000000002
1 0.3833046875 0.7990416666666665 0.008476562500000017 0.020944444444444342
1 0.278078125 0.8450555555555557 0.009414062499999964 0.017388888888888863
1 0.1240234375 0.4713611111111111 0.014734375000000011 0.021111111111111174
1 0.3933125 0.4270833333333333 0.015718750000000004 0.02598611111111116
1 0.761234375 0.5473055555555556 0.01975781249999997 0.020069444444444508
1 0.408203125 0.7200555555555557 0.013171874999999921 0.030402777777777838
1 0.4102578125 0.5109722222222222 0.013968750000000085 0.017027777777777767