1 0.73046875 0.5525138888888889 0.015015625000000022 0.023236111111111138
1 0.0453515625 0.5416666666666666 0.022843750000000003 0.02598611111111116
1 0.3735390625 0.3769583333333334 0.015718750000000004 0.0257777777777777
1 0.4375 0.5195277777777778 0.011117187500000014 0.01865277777777771
1 0.22778125 0.45052777777777775 0.015671874999999957 0.015791666666666673
1 0.3388671875 0.6410555555555556 0.012234374999999974 0.01879166666666663
1 0.4184609375 0.37522222222222223 0.011875000000000035 0.03184722222222215
1 0.2021484375 0.8637222222222222 0.014671874999999978 0.020069444444444508
1 0.3564453125 0.6740416666666667 0.01478906249999996 0.01865277777777771
1 0.1573515625 0.6592916666666666 0.017718750000000005 0.025291666666666716
1 0.3439921875 0.8181388888888889 0.010289062499999968 0.020944444444444342
0 0.1746796875 0.6080694444444444 0.004539062500000001 0.008263888888888953
1 0.2309921875 0.21919444444444444 0.01917187499999997 0.02673611111111111