1 0.101171875 0.4826388888888889 0.01796875 0.018055555555555554
1 0.2703125 0.24722222222222223 0.0109375 0.013888888888888888
1 0.708984375 0.7194444444444444 0.01328125 0.019444444444444445
1 0.39609375 0.8708333333333333 0.009375 0.016666666666666666
1 0.82734375 0.5208333333333334 0.0140625 0.019444444444444445
1 0.683203 0.561111 0.008594 0.019444
1 0.441797 0.648611 0.007031 0.016667
1 0.596094 0.866667 0.009375 0.038889
1 0.621094 0.175000 0.010938 0.022222
1 0.486719 0.161806 0.012500 0.031944
1 0.206250 0.147917 0.014063 0.023611
0 0.476171875 0.5354166666666667 0.00390625 0.006944444444444444
1 0.479688 0.521528 0.010937 0.012500