1 0.4965859375 0.20975000000000002 0.013124999999999965 0.029833333333333358
1 0.8026249999999999 0.5629305555555556 0.016000000000000014 0.021847222222222247
0 0.54296875 0.8511249999999999 0.005687499999999979 0.012555555555555506
1 0.65771875 0.563375 0.011828125000000078 0.019847222222222172
1 0.08196875 0.5108472222222222 0.021164062500000004 0.023875000000000077
1 0.2587890625 0.38672222222222224 0.014281249999999978 0.022347222222222265
1 0.21935937499999997 0.20616666666666666 0.014007812499999961 0.03090277777777778
1 0.47778124999999994 0.4199166666666666 0.007007812500000021 0.02045833333333336
1 0.362796875 0.8511249999999999 0.009296874999999982 0.019236111111110985
1 0.558109375 0.8745694444444445 0.008476562499999929 0.01822222222222207
1 0.6254921875 0.7556388888888889 0.009085937500000085 0.022194444444444468
1 0.44262499999999994 0.680125 0.00929687500000007 0.020069444444444508
1 0.603515625 0.26584722222222223 0.01146875000000005 0.021750000000000033