1 0.5981484375 0.8940972222222222 0.011640625000000071 0.035000000000000066
1 0.673828125 0.569875 0.010570312499999979 0.021430555555555487
1 0.49242968749999994 0.17502777777777775 0.014835937500000007 0.03227777777777777
1 0.3872109375 0.8611111111111112 0.011875000000000035 0.02519444444444458
1 0.45532031249999994 0.6770833333333334 0.011328125 0.02415277777777776
1 0.646484375 0.7513055555555557 0.014335937499999929 0.02077777777777783
1 0.0849609375 0.48915277777777777 0.019500000000000007 0.025291666666666716
1 0.47803125 0.45181944444444444 0.008476562499999929 0.015861111111111055
0 0.6201171875 0.7322083333333335 0.004328124999999972 0.008124999999999874
1 0.6142578125 0.19911111111111113 0.011507812500000015 0.03054166666666668
1 0.2578125 0.3559027777777778 0.01589843750000002 0.030763888888888858
1 0.8301328124999999 0.5549166666666667 0.017062500000000112 0.02251388888888894
1 0.211671875 0.17697222222222223 0.01737500000000001 0.02713888888888888