1 0.27490625 0.8402777777777778 0.012382812500000017 0.02069444444444457
1 0.0726328125 0.5069444444444444 0.0179921875 0.01886111111111117
1 0.4111328125 0.7118055555555556 0.016101562499999923 0.026805555555555492
1 0.48266406249999994 0.8841111111111111 0.012195312499999921 0.027319444444444545
1 0.580078125 0.5099861111111111 0.0140625 0.021180555555555557
1 0.2216796875 0.5091111111111111 0.014453125 0.02102777777777776
1 0.5107421875 0.67275 0.009929687500000029 0.019611111111111117
1 0.23303124999999997 0.21615277777777778 0.014671874999999978 0.032416666666666635
1 0.23975 0.39475000000000005 0.015015625000000022 0.022527777777777817
1 0.5395546875 0.3315972222222222 0.008781250000000008 0.02280555555555558
1 0.4580078125 0.27626388888888886 0.015078124999999965 0.029736111111111147
1 0.8002968750000001 0.555125 0.012570312500000024 0.023499999999999945
0 0.40513281250000005 0.7103333333333334 0.004726562499999964 0.009027777777777857