1 0.0778203125 0.5316805555555556 0.021039062500000004 0.020222222222222145
1 0.2634296875 0.4236111111111111 0.012335937499999972 0.020861111111111087
1 0.42407031249999994 0.6653611111111111 0.012335937499999972 0.020222222222222145
1 0.59375 0.7209166666666665 0.013070312500000014 0.02159722222222216
1 0.49047656249999994 0.2361111111111111 0.01353124999999995 0.0272083333333333
1 0.42699999999999994 0.40473611111111113 0.016664062499999945 0.023875000000000077
1 0.7856484375 0.5464444444444444 0.019242187500000084 0.02013888888888889
1 0.5903359375 0.3031666666666667 0.010367187499999986 0.025694444444444443
1 0.226078125 0.21766666666666667 0.012726562499999972 0.02538888888888893
1 0.6415078125 0.5580972222222222 0.017109375000000072 0.021763888888888833
1 0.5013359375 0.846 0.015343750000000078 0.03398611111111115
1 0.3375 0.8465 0.015023437500000014 0.020874999999999963
0 0.4975625 0.8324722222222222 0.004812500000000064 0.008458333333333219