1 0.38159375 0.8051250000000001 0.010289062499999968 0.024805555555555418
1 0.3935546875 0.4210138888888889 0.009929687500000029 0.018361111111111147
1 0.4438515625 0.22720833333333335 0.010171874999999986 0.02333333333333335
1 0.2758828125 0.32769444444444445 0.01124218749999999 0.019611111111111117
1 0.57178125 0.5703194444444445 0.013124999999999965 0.02134722222222223
1 0.4248046875 0.47005555555555556 0.013171874999999921 0.024902777777777708
1 0.48949999999999994 0.4268611111111111 0.010210937499999951 0.01686111111111109
1 0.3793984375 0.563375 0.012484375000000015 0.019527777777777703
1 0.4594765625 0.5772638888888889 0.010093750000000058 0.025583333333333277
1 0.4965859375 0.27408333333333335 0.011640625000000071 0.024805555555555574
1 0.44018750000000006 0.7421944444444445 0.007039062499999993 0.01573611111111101
1 0.24963281249999997 0.5950555555555556 0.007875000000000031 0.01416666666666673
0 0.2791171875 0.34170833333333334 0.005109374999999972 0.009152777777777742