0 0.28125 0.7669305555555557 0.005078125 0.00980555555555548
1 0.22326562499999997 0.4134166666666667 0.013632812500000036 0.022708333333333365
1 0.39624218749999995 0.7395833333333334 0.009523437499999999 0.022013888888888763
1 0.23181250000000003 0.21615277777777778 0.014734375000000011 0.031847222222222235
1 0.239015625 0.8394166666666667 0.01021093750000004 0.022708333333333205
1 0.198734375 0.5364583333333334 0.017578125 0.023236111111111138
1 0.5473671875 0.49393055555555554 0.014335937499999929 0.022194444444444468
1 0.0706796875 0.5173611111111112 0.019195312499999995 0.017263888888888818
1 0.8134765625 0.5481805555555556 0.020843749999999873 0.02159722222222216
1 0.444828125 0.2957916666666667 0.01596093750000005 0.030402777777777758
1 0.48674999999999996 0.6852222222222223 0.01414062499999993 0.01875
1 0.458984375 0.8858472222222221 0.011164062499999971 0.020611111111110997
1 0.51284375 0.3383055555555556 0.018046874999999928 0.02599999999999996