1 0.45971875000000006 0.6762222222222222 0.010328125000000021 0.0224444444444444
1 0.6962890625 0.6436666666666666 0.011593749999999936 0.02045833333333336
0 0.85546875 0.9401111111111111 0.00448437499999983 0.009027777777777777
1 0.38428125 0.26779166666666665 0.010531250000000015 0.02762499999999998
1 0.5835 0.8263888888888888 0.008343750000000049 0.0332361111111112
1 0.8603515625 0.48568055555555556 0.017046875000000128 0.019986111111111093
1 0.6005859375 0.49695833333333334 0.016023437499999994 0.026805555555555492
1 0.733890625 0.7942777777777777 0.010734375000000008 0.017527777777777625
1 0.1547890625 0.48568055555555556 0.016156250000000004 0.01945833333333332
1 0.8940468750000001 0.8172777777777779 0.017851562499999928 0.026083333333333295
1 0.953125 0.6358472222222222 0.024656249999999956 0.015791666666666673
1 0.748046875 0.55425 0.011203124999999935 0.015611111111111124
1 0.8623046875 0.9574722222222222 0.018796874999999956 0.04400000000000009