1 0.5244140625 0.2064861111111111 0.009781249999999986 0.026375000000000013
1 0.3942890625 0.5425416666666667 0.00831249999999999 0.017527777777777784
1 0.435546875 0.6128472222222222 0.009015624999999972 0.02038888888888882
0 0.5004921875 0.3645833333333333 0.0040390625000000565 0.010111111111111072
1 0.4887734375 0.4012638888888889 0.010609374999999944 0.021513888888888902
1 0.4521484375 0.8103333333333335 0.010984374999999958 0.028055555555555618
1 0.5004921875 0.7651944444444445 0.01205468750000005 0.036624999999999845
1 0.2775859375 0.7456666666666667 0.015132812500000004 0.021750000000000113
1 0.4672890625 0.5403611111111111 0.012726562499999972 0.030402777777777758
1 0.1630859375 0.5611944444444444 0.0177734375 0.019388888888888938
1 0.5688515625 0.4357638888888889 0.011070312500000058 0.02415277777777776
1 0.604984375 0.7126805555555555 0.012007812499999914 0.01991666666666663
1 0.3574296875 0.26661111111111113 0.012210937499999996 0.018152777777777768