1 0.4384765625 0.7408888888888889 0.009335937500000035 0.021111111111111174
1 0.4809609375 0.5811666666666666 0.00803124999999998 0.01991666666666671
1 0.43090624999999994 0.2172361111111111 0.01040624999999995 0.021847222222222247
1 0.47582812499999994 0.3925833333333334 0.00982031249999995 0.024902777777777708
1 0.5004921875 0.2645416666666667 0.008375000000000021 0.025486111111111143
1 0.419921875 0.4934861111111111 0.013374999999999915 0.026694444444444482
1 0.5732421875 0.5412361111111111 0.011289062500000035 0.024527777777777735
1 0.3676796875 0.5690138888888889 0.0119140625 0.019013888888888966
1 0.268796875 0.3559027777777778 0.011117187500000014 0.03347222222222225
1 0.3869609375 0.8389722222222221 0.012968750000000018 0.0359444444444446
1 0.22643749999999999 0.6215277777777778 0.013843750000000021 0.01673611111111105
1 0.3876953125 0.41329166666666667 0.011734374999999986 0.019402777777777817
0 0.2699765625 0.3825277777777778 0.005023437499999961 0.008680555555555556