1 0.888671875 0.5460138888888889 0.020171875000000127 0.022097222222222178
1 0.7192421875 0.6189305555555555 0.015132812499999915 0.019166666666666603
1 0.7944375 0.6835972222222222 0.01646093749999995 0.02045833333333336
1 0.6762734375 0.7369861111111111 0.011203124999999935 0.017124999999999897
0 0.5913125 0.3836805555555556 0.005078125 0.010708333333333384
1 0.71875 0.4255694444444445 0.014453125 0.028055555555555618
1 0.6879921875 0.8949722222222222 0.010984374999999958 0.02126388888888881
1 0.698734375 0.4244861111111111 0.011328125 0.022527777777777817
1 0.42797656249999994 0.25 0.007039062499999993 0.016152777777777773
1 0.6430703125 0.4587638888888889 0.00803124999999998 0.022097222222222178
1 0.8203125 0.41080555555555553 0.014789062499999872 0.01991666666666671
1 0.20349218750000003 0.4722222222222222 0.01536718749999999 0.021930555555555505
1 0.55078125 0.3854166666666667 0.00867187499999993 0.023777777777777783