1 0.5258828125 0.20052777777777778 0.007515624999999915 0.027944444444444452
1 0.3969765625 0.5451388888888888 0.010210937499999994 0.01886111111111117
1 0.4248046875 0.6085138888888889 0.010007812499999958 0.020611111111111156
1 0.4541015625 0.40343055555555557 0.010781249999999964 0.02069444444444441
1 0.2587890625 0.7126805555555555 0.014898437500000038 0.02280555555555558
1 0.49292187500000006 0.7573749999999999 0.011164062499999971 0.026694444444444482
1 0.601078125 0.38629166666666664 0.013843750000000021 0.03184722222222215
1 0.42846875000000006 0.7469583333333333 0.009781249999999986 0.022805555555555655
1 0.3701171875 0.149625 0.014007812499999961 0.021180555555555557
1 0.5966796875 0.6861944444444444 0.008289062499999921 0.01808333333333331
1 0.1355 0.546875 0.012429687500000019 0.01765277777777783
1 0.48461718749999994 0.4908888888888889 0.013429687500000042 0.027208333333333376
0 0.37599218749999996 0.14840277777777777 0.003773437500000032 0.009819444444444434