1 0.47241406250000006 0.6618888888888889 0.008578125000000015 0.01850000000000007
1 0.734375 0.5572916666666666 0.015078124999999965 0.019611111111111117
1 0.9501953125 0.6349861111111111 0.024140625000000072 0.017069444444444394
1 0.7373046875 0.7834166666666665 0.01596093750000005 0.022097222222222337
1 0.1545390625 0.48394444444444445 0.01730468749999998 0.02262499999999995
1 0.6997109375 0.6189305555555555 0.013171874999999921 0.025486111111111143
1 0.3891640625 0.26106944444444447 0.007289062500000032 0.01779166666666667
1 0.8657265625000001 0.5043472222222222 0.01602343750000017 0.0196805555555555
1 0.61865625 0.5047777777777778 0.016343750000000056 0.026805555555555492
1 0.8862343750000001 0.8294305555555557 0.01621875000000017 0.02315277777777788
1 0.853515625 0.9479166666666666 0.017242187500000127 0.036083333333333356
0 0.8471718750000001 0.9322916666666666 0.008640624999999957 0.017458333333333246
1 0.5838125 0.8106111111111111 0.011171874999999965 0.03150000000000009