1 0.1565625 0.48363888888888895 0.01875781249999999 0.020819444444444456
1 0.8662109375 0.5195277777777778 0.016343750000000056 0.01772222222222221
1 0.634765625 0.5047777777777778 0.015601562500000022 0.030305555555555624
1 0.4829140625 0.6484444444444445 0.007757812500000049 0.023777777777777783
1 0.3962421875 0.26713888888888887 0.011781250000000031 0.041388888888888906
1 0.706546875 0.5967916666666666 0.011828125000000078 0.01822222222222223
1 0.9487343750000001 0.6319444444444444 0.023195312500000044 0.016597222222222284
1 0.8745156250000001 0.8454861111111112 0.020601562499999913 0.02461111111111115
1 0.744140625 0.7725694444444444 0.013898437499999972 0.03113888888888899
0 0.841796875 0.9296944444444445 0.004851562500000029 0.009388888888888875
1 0.8486328125 0.9461805555555556 0.018984375000000143 0.04155555555555566
1 0.72890625 0.5550416666666667 0.014601562500000043 0.02447222222222223
1 0.586953125 0.7987083333333334 0.012679687500000014 0.03065277777777769