1 0.525390625 0.2016111111111111 0.008476562499999929 0.027319444444444466
1 0.39721875000000006 0.5438333333333334 0.009601562500000016 0.017263888888888818
1 0.42553906250000006 0.7482638888888888 0.011289062500000035 0.026583333333333473
1 0.48901562500000006 0.7547777777777779 0.008812499999999978 0.024708333333333284
1 0.4228515625 0.6072083333333333 0.010054687499999914 0.01843055555555553
1 0.593265625 0.6849027777777777 0.010367187499999986 0.019986111111111093
1 0.6001015625 0.36697222222222226 0.010132812500000022 0.024236111111111135
1 0.4384765625 0.40320833333333334 0.01049218750000005 0.023597222222222235
1 0.3715859375 0.16243055555555555 0.012867187500000021 0.02905555555555554
1 0.132203125 0.5364583333333334 0.01317187500000001 0.019305555555555524
1 0.48071093749999994 0.48915277777777777 0.013843750000000021 0.029833333333333358
1 0.2580546875 0.7157083333333333 0.012867187500000021 0.021430555555555564
0 0.377328125 0.17206944444444444 0.0046718750000000146 0.00990277777777777