1 0.5419921875 0.5243055555555556 0.011640625000000071 0.019527777777777703
1 0.3923359375 0.5659722222222222 0.010531250000000015 0.018152777777777847
1 0.4663125 0.4596388888888889 0.016781250000000015 0.026083333333333295
1 0.421875 0.44705555555555554 0.012335937499999972 0.01945833333333332
1 0.483890625 0.6263055555555556 0.010453125000000086 0.019763888888888914
1 0.49926562499999994 0.2712638888888889 0.013218750000000057 0.025874999999999995
1 0.3620625 0.5989583333333334 0.016218749999999994 0.02134722222222223
1 0.6279296875 0.5143194444444444 0.01400781250000005 0.03054166666666668
1 0.3771953125 0.7417499999999999 0.012289062500000014 0.0235000000000001
1 0.323796875 0.3652916666666667 0.013632812500000036 0.018444444444444406
1 0.46050781250000006 0.6915694444444445 0.010999999999999944 0.019083333333333345
0 0.3833046875 0.7183194444444445 0.004734374999999957 0.009388888888888875
1 0.46040625 0.23693055555555556 0.011585937499999944 0.022194444444444468