1 0.42309374999999994 0.6106805555555556 0.010171874999999986 0.019611111111111117
1 0.5258828125 0.20508333333333334 0.008578125000000015 0.026194444444444465
1 0.59375 0.6901111111111111 0.009781249999999986 0.024333333333333308
1 0.43359375 0.4027777777777778 0.007609375000000007 0.01673611111111105
1 0.1336640625 0.5395 0.012289062500000014 0.015916666666666718
1 0.366453125 0.1512638888888889 0.009375 0.01945833333333332
1 0.396484375 0.5464444444444444 0.008984375 0.017125000000000057
1 0.2568359375 0.7178888888888889 0.011875000000000035 0.021430555555555564
1 0.4228515625 0.7521666666666665 0.011289062500000035 0.02244444444444456
1 0.6001015625 0.3709444444444444 0.011687500000000028 0.027513888888888813
1 0.4814453125 0.4908888888888889 0.011960937499999958 0.028152777777777752
0 0.378421875 0.18445833333333334 0.004398437499999996 0.008680555555555556
1 0.48814062500000005 0.7535277777777777 0.013234375000000043 0.026722222222222234