1 0.3654765625 0.33420833333333333 0.011960937499999958 0.02077777777777775
1 0.43774218749999994 0.4145 0.010007812499999958 0.01686111111111109
1 0.4770546875 0.4522638888888889 0.014734374999999921 0.0244305555555556
1 0.5356484375 0.2756111111111111 0.010249999999999915 0.023777777777777783
1 0.50146875 0.6293472222222222 0.008546875000000042 0.019166666666666603
1 0.51171875 0.7261249999999999 0.008617187499999979 0.025097222222222135
1 0.5219765625 0.47352777777777777 0.007375000000000043 0.02126388888888881
1 0.456546875 0.24740277777777778 0.012007812499999914 0.02069444444444441
1 0.66015625 0.586375 0.01049218750000005 0.02201388888888892
1 0.421390625 0.594625 0.008710937500000071 0.019527777777777703
1 0.562015625 0.5625 0.008156250000000042 0.023499999999999945
0 0.4672890625 0.5186666666666666 0.004085937500000014 0.0077916666666666854
1 0.4028359375 0.7816805555555555 0.012671875000000022 0.025583333333333434