1 0.41430468749999994 0.20941666666666667 0.011242187500000079 0.022625000000000027
1 0.5063515625 0.5972222222222222 0.009859374999999915 0.022194444444444468
1 0.2631875 0.4079861111111111 0.012773437500000017 0.02415277777777776
1 0.48071093749999994 0.26258333333333334 0.012921874999999972 0.025194444444444426
1 0.5791015625 0.4913194444444444 0.012234375000000065 0.02415277777777776
1 0.369875 0.43598611111111113 0.011875000000000035 0.0224444444444444
1 0.4379921875 0.7439305555555555 0.012968749999999928 0.03136111111111101
1 0.4541015625 0.3793472222222222 0.011031249999999914 0.02297222222222217
1 0.4038125 0.5052083333333334 0.014499999999999957 0.026583333333333313
0 0.310546875 0.4752638888888889 0.0046640625000000215 0.008958333333333396
1 0.3884296875 0.8463611111111111 0.01182812499999999 0.031986111111111076
1 0.22167187500000002 0.6423611111111112 0.01478906249999996 0.016527777777777745
1 0.3532734375 0.5672777777777778 0.007968750000000035 0.01384722222222226