0 0.8286171875000001 0.8580694444444443 0.003976562500000114 0.007319444444444419
1 0.3850078125 0.7295972222222221 0.009054687500000025 0.017597222222222323
1 0.1300078125 0.48306944444444444 0.014390625000000013 0.01879166666666663
1 0.6586953125 0.6154583333333333 0.014453125 0.02045833333333336
1 0.529296875 0.46918055555555555 0.015304687499999936 0.029833333333333358
1 0.5126953125 0.8164027777777777 0.014734374999999921 0.029944444444444367
1 0.6508828125 0.8051250000000001 0.012289062500000014 0.024236111111111173
1 0.6484375 0.5533888888888889 0.01489843749999995 0.020222222222222145
1 0.7583046875 0.36393055555555553 0.018828124999999928 0.03683333333333331
1 0.3305703125 0.27040277777777777 0.009968749999999993 0.01829166666666669
1 0.8095703125 0.7131111111111111 0.021210937500000072 0.04300000000000005
1 0.9096718750000001 0.6310833333333333 0.020648437499999873 0.01829166666666661
1 0.841796875 0.5950555555555556 0.012867187499999844 0.01700000000000001