1 0.12378125 0.47352777777777777 0.01374218749999998 0.017944444444444388
1 0.3161640625 0.8138055555555557 0.012968750000000018 0.02519444444444458
1 0.42699999999999994 0.8324722222222222 0.009601562499999971 0.022875000000000038
1 0.2719765625 0.26844444444444443 0.013429687500000042 0.027861111111111114
1 0.46875 0.5277777777777778 0.01489843749999995 0.025
1 0.59521875 0.4466111111111111 0.016101562499999923 0.025874999999999995
1 0.48266406249999994 0.7361111111111112 0.016343750000000056 0.022013888888888763
1 0.4375 0.4557361111111111 0.01400781250000005 0.030402777777777758
1 0.4907265625 0.26844444444444443 0.018054687499999923 0.03054166666666668
1 0.5546875 0.6849027777777777 0.014226562500000029 0.02126388888888881
0 0.5595703125 0.7756111111111111 0.004218750000000071 0.009388888888888875
1 0.5512734375 0.7829861111111112 0.020796874999999916 0.03797222222222211
1 0.8208046875000001 0.5950555555555556 0.018265625000000084 0.0257777777777777