1 0.7132890625 0.5632777777777778 0.014328124999999936 0.014500000000000075
1 0.59521875 0.7734444444444445 0.010249999999999915 0.038875000000000014
1 0.757328125 0.7608472222222221 0.013632812500000036 0.03784722222222222
1 0.8623046875 0.546875 0.017640624999999945 0.021111111111111174
1 0.393796875 0.25281944444444443 0.007937499999999976 0.01573611111111109
1 0.155765625 0.4869861111111111 0.013023437500000012 0.019166666666666603
1 0.6586953125 0.500875 0.015718749999999913 0.030763888888888858
1 0.495609375 0.6224027777777777 0.008921875000000056 0.019166666666666603
1 0.9497109375000001 0.63325 0.023867187500000143 0.017875000000000005
1 0.8662109375 0.8793472222222222 0.015960937499999873 0.03266666666666664
1 0.849609375 0.9453194444444445 0.017851562499999928 0.038875000000000014
0 0.8432656250000001 0.9305555555555556 0.004625000000000057 0.008930555555555645
1 0.722171875 0.5599027777777777 0.012429687500000064 0.014500000000000075