1 0.22945312499999998 0.221625 0.01634374999999997 0.031847222222222235
1 0.3843359375 0.8210416666666667 0.012234374999999974 0.02904166666666678
1 0.03371875 0.5737916666666667 0.0204921875 0.01991666666666671
1 0.3896484375 0.3324722222222222 0.016023437499999994 0.034527777777777796
1 0.43115625 0.6670972222222222 0.011374999999999958 0.0196805555555555
1 0.4731484375 0.5056388888888889 0.012671875000000022 0.025194444444444426
1 0.185640625 0.41797222222222224 0.01379687500000002 0.021708333333333326
1 0.7578125 0.532125 0.014281249999999978 0.02397222222222221
1 0.3552265625 0.6653611111111111 0.009632812500000032 0.020861111111111087
1 0.44140625 0.33594444444444443 0.010210937499999951 0.03323611111111112
0 0.09046875 0.6390555555555556 0.004804687500000004 0.009222222222222203
1 0.1624765625 0.8324722222222222 0.01610156250000001 0.01879166666666663
1 0.08367187499999999 0.6321805555555555 0.014375000000000004 0.02513888888888892