1 0.383546875 0.34397222222222223 0.014281249999999978 0.030305555555555547
1 0.41821093749999994 0.6679722222222222 0.010249999999999915 0.0209444444444445
1 0.23034374999999999 0.22743055555555555 0.017578125 0.0358611111111111
1 0.45824999999999994 0.5073888888888889 0.010734375000000008 0.024416666666666722
1 0.089125 0.6727916666666667 0.019421874999999988 0.025361111111111098
1 0.026351562499999998 0.5724861111111111 0.014335937500000003 0.018583333333333327
1 0.7451171875 0.5342916666666666 0.01930468750000003 0.022194444444444468
1 0.370609375 0.8167222222222221 0.014007812499999961 0.020319444444444595
1 0.343265625 0.657125 0.01589843750000002 0.021430555555555487
1 0.1877265625 0.4381666666666667 0.015312500000000017 0.01630555555555557
0 0.0950703125 0.6764722222222223 0.006335937500000011 0.011069444444444482
1 0.172625 0.84475 0.01566406250000001 0.019763888888888914
1 0.42992968749999994 0.35961111111111116 0.011304687500000021 0.032972222222222236