1 0.417969 0.837500 0.009375 0.025000
1 0.222266 0.542361 0.013281 0.018056
1 0.425391 0.536111 0.013281 0.025000
1 0.553516 0.452778 0.010156 0.019444
1 0.400781 0.645833 0.009375 0.019444
1 0.384375 0.235417 0.012500 0.020833
1 0.460156 0.735417 0.010937 0.020833
1 0.245703 0.727083 0.016406 0.015278
1 0.444141 0.438194 0.010156 0.018056
1 0.485938 0.261806 0.009375 0.023611
1 0.373047 0.563194 0.013281 0.018056
0 0.565625 0.6645833333333333 0.0046875 0.009722222222222222
1 0.573828 0.678472 0.011719 0.020833