1 0.3771953125 0.6384583333333333 0.009968749999999993 0.019527777777777703
1 0.4697265625 0.25543055555555555 0.012484375000000015 0.02752777777777777
1 0.550296875 0.4309861111111111 0.009523437500000042 0.021930555555555505
1 0.35546875 0.538625 0.010289062499999968 0.021930555555555505
1 0.4033203125 0.5325555555555556 0.012921874999999972 0.026194444444444465
1 0.2333984375 0.7079027777777777 0.016585937500000016 0.02461111111111107
1 0.2243671875 0.5151944444444444 0.013375000000000003 0.016486111111111118
1 0.4658203125 0.7226527777777777 0.013171874999999921 0.022277777777777726
1 0.558109375 0.6705694444444444 0.014171875000000079 0.022347222222222265
1 0.43115625 0.41774999999999995 0.009929687500000029 0.020069444444444508
1 0.40698437500000006 0.8480972222222222 0.012289062500000014 0.028055555555555618
1 0.396484375 0.214625 0.013171874999999967 0.02280555555555558
0 0.46880468750000004 0.7181249999999999 0.0044843750000000075 0.010805555555555518