1 0.52734375 0.23372222222222222 0.01040624999999995 0.024333333333333308
1 0.39574999999999994 0.5664027777777778 0.009742187499999977 0.019305555555555524
1 0.4892578125 0.7647638888888889 0.010054687499999914 0.03065277777777769
0 0.5537109375 0.4320694444444444 0.0041015625 0.008194444444444412
1 0.36475 0.26193055555555556 0.013218749999999968 0.03776388888888889
1 0.50390625 0.40559722222222216 0.007375000000000043 0.022097222222222178
1 0.5835 0.7048611111111112 0.011164062499999971 0.03452777777777772
1 0.5864296875 0.4444444444444444 0.008617187499999979 0.027861111111111034
1 0.46606249999999994 0.5334166666666667 0.011242187500000079 0.025583333333333277
1 0.43139843750000006 0.5907083333333334 0.012921874999999972 0.024805555555555574
1 0.2785625 0.7178888888888889 0.012531249999999971 0.02452777777777781
1 0.18103125 0.569875 0.010250000000000004 0.01700000000000001
1 0.4502265625 0.8451388888888889 0.0077656250000000425 0.022055555555555707