1 0.5258828125 0.20019444444444442 0.00803124999999998 0.027861111111111114
0 0.3735390625 0.16308333333333333 0.0046640625000000215 0.008041666666666655
1 0.39672656249999994 0.5447083333333333 0.011914062499999956 0.018722222222222248
1 0.45971875000000006 0.4010416666666667 0.010695312500000043 0.018361111111111147
1 0.2595234375 0.7100694444444444 0.016023437499999994 0.02234722222222219
1 0.6001015625 0.39344444444444443 0.010007812499999958 0.023499999999999945
1 0.43285937499999994 0.7547777777777779 0.01049218750000005 0.022013888888888763
1 0.4975625 0.7686666666666667 0.012007812499999914 0.03270833333333327
1 0.1380625 0.5507777777777778 0.013273437500000007 0.01808333333333331
1 0.48266406249999994 0.5021666666666667 0.013273437500000007 0.026194444444444465
1 0.599609375 0.6870694444444444 0.012382812499999929 0.024055555555555625
1 0.42944531250000006 0.6154583333333333 0.011507812500000015 0.02038888888888882
1 0.3658984375 0.1654861111111111 0.012531249999999971 0.02301388888888888