1 0.5390625 0.2743055555555556 0.010453125000000086 0.02333333333333335
1 0.44262499999999994 0.4255694444444445 0.009375 0.0196805555555555
1 0.505375 0.6115416666666667 0.009195312499999986 0.023416666666666686
1 0.42699999999999994 0.5507777777777778 0.008640624999999957 0.013791666666666598
0 0.4697265625 0.5169305555555556 0.004414062500000071 0.008263888888888953
1 0.6528359375 0.5308194444444444 0.013023437500000058 0.025694444444444443
1 0.479984375 0.45095833333333335 0.01478906250000005 0.02369444444444437
1 0.458984375 0.24609722222222222 0.012335937499999972 0.02045833333333336
1 0.56396875 0.563375 0.008156250000000042 0.017527777777777784
1 0.3671875 0.37261111111111106 0.010570312499999979 0.021847222222222247
1 0.4140625 0.7578194444444445 0.01146875000000005 0.02134722222222207
1 0.49633593749999994 0.7000833333333334 0.008882812499999915 0.02577777777777778
1 0.48510937500000006 0.50825 0.010249999999999915 0.019388888888888938