1 0.0837421875 0.48827777777777776 0.018234375000000004 0.02333333333333327
1 0.597171875 0.8915 0.010648437500000085 0.033361111111111084
1 0.21154687499999997 0.18380555555555556 0.014007812499999961 0.026194444444444465
1 0.25903125 0.35829166666666673 0.015304687500000025 0.030305555555555586
1 0.822265625 0.5572916666666666 0.019992187500000112 0.02262499999999995
1 0.46020312499999994 0.6849027777777777 0.008414062499999986 0.022527777777777817
1 0.4946328125 0.18120833333333333 0.01489843749999995 0.03327777777777777
1 0.6723671875 0.5711805555555556 0.010054687499999914 0.021749999999999957
1 0.6137734375 0.20865277777777777 0.011421874999999915 0.027944444444444452
1 0.478515625 0.44379166666666664 0.00803124999999998 0.01629166666666669
1 0.3850078125 0.8498333333333333 0.010734375000000008 0.02538888888888885
1 0.6372109375 0.7552083333333334 0.01615625000000005 0.02519444444444458
0 0.6247578125000001 0.7560000000000001 0.0057265624999999435 0.009458333333333258