1 0.350828125 0.26887500000000003 0.011070312499999967 0.023236111111111138
1 0.702640625 0.5577222222222222 0.0119140625 0.016416666666666736
1 0.5537109375 0.4778611111111111 0.016781250000000015 0.02509722222222229
1 0.40991406250000006 0.7178888888888889 0.012234375000000065 0.022875000000000038
1 0.8100625000000001 0.3962638888888889 0.01652343750000007 0.01923611111111114
1 0.142578125 0.48654166666666665 0.015671875000000002 0.01779166666666659
1 0.94140625 0.6449722222222222 0.014554687500000085 0.016222222222222152
1 0.8696328125000001 0.6996527777777778 0.012921874999999972 0.015861111111111055
1 0.677734375 0.6263055555555556 0.01596093750000005 0.02126388888888881
1 0.8452187500000001 0.875 0.018718750000000027 0.03159722222222222
1 0.6806640625 0.7994861111111111 0.008156250000000042 0.01438888888888875
1 0.541015625 0.8207500000000001 0.009054687499999936 0.01083333333333327
0 0.8540078125000001 0.969625 0.005320312499999957 0.009763888888888851