1 0.3791484375 0.5659722222222222 0.009273437500000004 0.017944444444444388
1 0.494140625 0.2649722222222222 0.010249999999999915 0.024708333333333363
1 0.4106484375 0.6415 0.009742187500000022 0.018583333333333327
1 0.42578125 0.8476527777777777 0.01085937500000007 0.029736111111111223
1 0.4506875 0.444875 0.008921875000000056 0.020305555555555563
1 0.2170390625 0.54775 0.012921874999999972 0.02262499999999995
1 0.5600625 0.461375 0.011593749999999936 0.0196805555555555
1 0.4560546875 0.7517361111111112 0.01146875000000005 0.04006944444444432
1 0.5693359375 0.6705694444444444 0.013843750000000021 0.034527777777777796
1 0.251953125 0.7295972222222221 0.013070312500000014 0.018361111111111147
1 0.43383593749999994 0.5390694444444445 0.013171874999999921 0.027208333333333376
1 0.379640625 0.24045833333333333 0.009820312500000039 0.015861111111111135
0 0.567796875 0.6496388888888889 0.004890624999999993 0.008749999999999937