1 0.6040078125 0.26887500000000003 0.008921875000000056 0.022874999999999958
1 0.4614296875 0.25498611111111114 0.009929687500000029 0.024055555555555545
0 0.53515625 0.6514722222222222 0.0038828125000000212 0.007666666666666641
1 0.4794921875 0.425125 0.013429687500000042 0.028486111111111097
1 0.39721874999999995 0.3491805555555555 0.010906249999999984 0.021180555555555515
1 0.6171875 0.5303888888888889 0.013273437500000007 0.019611111111111117
1 0.4541015625 0.5750833333333334 0.010453125000000086 0.01886111111111117
1 0.46899218749999994 0.34418055555555555 0.011781249999999943 0.020944444444444422
1 0.546390625 0.6666666666666666 0.009054687499999936 0.01886111111111117
1 0.7407265625 0.5889722222222222 0.012773437499999929 0.0196805555555555
1 0.44848437499999994 0.8229166666666666 0.00803124999999998 0.022805555555555655
1 0.521 0.4587638888888889 0.010906250000000029 0.015791666666666673
1 0.5145625 0.7125555555555555 0.010476562500000064 0.024055555555555545