1 0.2797578125 0.31218055555555557 0.016750000000000043 0.0169027777777778
1 0.39624218750000006 0.43598611111111113 0.01078125000000001 0.019763888888888914
1 0.3876953125 0.5603333333333333 0.011554687499999971 0.022875000000000038
1 0.43921093750000006 0.7408888888888889 0.009375 0.02126388888888881
1 0.45239062499999994 0.5950555555555556 0.010249999999999915 0.018152777777777847
1 0.4296875 0.47005555555555556 0.014281249999999978 0.026694444444444482
1 0.583984375 0.5642361111111112 0.010781249999999964 0.02038888888888882
1 0.3767109375 0.7834166666666665 0.01021093750000004 0.018930555555555707
1 0.447265625 0.22677777777777777 0.008578125000000015 0.02201388888888892
1 0.4921875 0.2788611111111111 0.008640624999999957 0.027319444444444466
1 0.2680703125 0.59375 0.009859375000000004 0.018930555555555548
1 0.4975625 0.45443055555555556 0.012625000000000063 0.023236111111111138
0 0.2919921875 0.3713055555555555 0.005320312499999957 0.009069444444444406