1 0.45141406249999994 0.22808333333333333 0.008476562499999929 0.019680555555555576
1 0.451171875 0.7243888888888889 0.009453124999999929 0.013888888888888888
1 0.38159375 0.5607638888888888 0.011687500000000028 0.021680555555555574
1 0.400390625 0.4411944444444445 0.010945312499999993 0.01808333333333331
1 0.44678125 0.4787361111111111 0.014617187500000028 0.026805555555555492
1 0.519046875 0.49175 0.009085937500000085 0.024055555555555625
1 0.6064453125 0.5390694444444445 0.014335937499999929 0.022097222222222178
1 0.30346875 0.34375 0.012484375000000015 0.021430555555555564
1 0.45823437499999997 0.6264861111111111 0.012929687499999964 0.023805555555555538
1 0.309328125 0.6197916666666666 0.013375000000000003 0.01686111111111109
0 0.3310546875 0.48525 0.0038124999999999964 0.007319444444444419
1 0.48706250000000006 0.28147222222222223 0.008445312499999958 0.01772222222222221
1 0.373046875 0.7304722222222223 0.006640625 0.013624999999999924