0 0.47485156249999994 0.5308194444444444 0.004867187500000014 0.010888888888888932
1 0.44116406250000006 0.6467083333333333 0.008218749999999986 0.017875000000000005
1 0.47827343750000006 0.5182361111111111 0.008476562499999929 0.017944444444444388
1 0.681640625 0.5638055555555556 0.009164062500000014 0.0209444444444445
1 0.708984375 0.7200555555555557 0.015132812499999915 0.02397222222222221
1 0.099671875 0.48220833333333335 0.017718749999999995 0.02013888888888889
1 0.620609375 0.1733888888888889 0.010984374999999958 0.023874999999999997
1 0.5947265625 0.8693611111111111 0.009164062500000014 0.026694444444444482
1 0.8266640625000001 0.5204027777777778 0.0161015625000001 0.026805555555555492
1 0.2678203125 0.25672222222222224 0.012921874999999972 0.02452777777777781
1 0.391359375 0.8684861111111111 0.009968749999999993 0.016666666666666666
1 0.2055703125 0.15787500000000002 0.018374999999999985 0.045541666666666654
1 0.48657031249999994 0.15961111111111112 0.014281249999999978 0.02815277777777779