1 0.49145312499999994 0.339625 0.012289062500000014 0.023874999999999997
1 0.3908671875 0.7222222222222222 0.010859374999999982 0.022013888888888763
1 0.8090859375000001 0.5438333333333334 0.022625000000000027 0.02262499999999995
1 0.474609375 0.6866388888888889 0.009671875000000085 0.019986111111111093
1 0.43432812500000006 0.30816666666666664 0.016781250000000015 0.03420833333333333
1 0.43969531249999994 0.875875 0.010906250000000029 0.027861111111111034
1 0.179203125 0.5568611111111111 0.016460937499999995 0.015666666666666627
1 0.06915625 0.5377638888888889 0.02132812500000001 0.022527777777777817
1 0.21814062500000003 0.4268611111111111 0.013218749999999968 0.015791666666666673
0 0.23498437499999997 0.7899305555555556 0.0046640625000000215 0.008388888888888838
1 0.5283203125 0.49045833333333333 0.010054687499999914 0.019611111111111117
1 0.21423437500000003 0.8120694444444445 0.014226562500000029 0.02168055555555542
1 0.23067968749999998 0.2150416666666667 0.01752343749999996 0.026194444444444465