1 0.22985937500000003 0.22179166666666666 0.014617187500000028 0.026194444444444465
1 0.39965625 0.32552777777777775 0.010492187499999962 0.021597222222222236
1 0.40991406250000006 0.5212638888888889 0.010328125000000021 0.02069444444444441
1 0.3723125 0.38911111111111113 0.017046875000000038 0.02826388888888892
1 0.34375 0.8329027777777779 0.010984374999999958 0.025
1 0.3251953125 0.6514722222222222 0.014281249999999978 0.034916666666666644
1 0.06903125 0.500875 0.018585937499999993 0.028486111111111097
1 0.1898203125 0.6280416666666666 0.018796875 0.026805555555555492
1 0.33715625 0.6184861111111111 0.010945312499999993 0.023777777777777783
1 0.21653125 0.4495138888888889 0.013492187499999985 0.03241666666666671
1 0.753421875 0.5399305555555556 0.011242187500000079 0.017388888888888863
1 0.232375 0.8534861111111111 0.016500000000000004 0.0211527777777778
0 0.222609375 0.4663888888888889 0.005632812500000028 0.01001388888888894