1 0.3896484375 0.8693611111111111 0.014499999999999957 0.022277777777777726
1 0.6782265625 0.5620694444444444 0.008921875000000056 0.019763888888888914
1 0.479984375 0.4861111111111111 0.008445312499999958 0.022347222222222265
1 0.7016640625 0.7287361111111111 0.009234374999999951 0.02045833333333336
1 0.44750781249999994 0.6497361111111111 0.011070312500000058 0.01808333333333331
1 0.620609375 0.17502777777777778 0.012148437499999965 0.024805555555555536
1 0.0896015625 0.4869861111111111 0.02009375 0.020222222222222145
1 0.206546875 0.1604861111111111 0.013218749999999991 0.025486111111111102
1 0.8427734375 0.5286527777777777 0.012921874999999972 0.022277777777777726
1 0.6025390625 0.8867222222222223 0.007429687499999993 0.016027777777777728
1 0.25928125 0.3194444444444444 0.014554687499999996 0.02045833333333336
0 0.5489140625 0.6738472222222223 0.0039531249999999575 0.007222222222222285
1 0.4863359375 0.16169444444444447 0.019132812500000006 0.03430555555555556