1 0.6220703125 0.7079027777777779 0.012429687500000064 0.020138888888888967
1 0.58984375 0.4127638888888889 0.014617187500000028 0.0262916666666666
1 0.6684609375 0.648 0.014453125 0.01850000000000007
1 0.6547890625 0.5763888888888888 0.013328124999999958 0.02333333333333327
1 0.5556640625 0.8828194444444445 0.012867187500000021 0.028722222222222312
1 0.6123046875 0.3205277777777778 0.009453124999999929 0.016347222222222197
1 0.5288125 0.48306944444444444 0.011781249999999943 0.029486111111111137
1 0.8115234375 0.47179166666666666 0.0131718750000001 0.02126388888888881
1 0.507328125 0.28450000000000003 0.011593749999999936 0.02297222222222225
1 0.315921875 0.27691666666666664 0.01640625 0.036430555555555584
1 0.43921093750000006 0.23306944444444444 0.008187500000000014 0.01829166666666669
1 0.7276484375 0.3365694444444445 0.014289062499999972 0.026625000000000024
0 0.32265625 0.26961111111111113 0.004945312500000032 0.009986111111111109