1 0.396 0.5620694444444444 0.01200781249999996 0.020541666666666618
1 0.525390625 0.2293888888888889 0.010781249999999964 0.02926388888888888
1 0.5830078125 0.4474861111111111 0.01489843749999995 0.02731944444444439
1 0.5029296875 0.40841666666666665 0.008953125000000029 0.019305555555555524
1 0.1795625 0.5677083333333334 0.012921875000000017 0.015361111111111036
1 0.49242968749999994 0.7586805555555556 0.010531250000000015 0.034916666666666804
1 0.5864296875 0.704 0.015015625000000022 0.03099999999999999
1 0.4653359375 0.5342916666666666 0.011593749999999936 0.025694444444444443
1 0.27734375 0.7287361111111111 0.012148437499999965 0.017069444444444394
1 0.45190625000000006 0.8415833333333335 0.011507812500000015 0.03901388888888878
1 0.4267578125 0.586375 0.007148437500000071 0.014611111111111085
1 0.3629296875 0.25381944444444443 0.011109375000000022 0.01779166666666667
0 0.5770546875 0.4395555555555556 0.004226562500000064 0.009305555555555619