1 0.45678906250000006 0.2484861111111111 0.009375 0.020944444444444422
1 0.4560546875 0.7300416666666667 0.011507812500000015 0.021513888888888902
0 0.452640625 0.7026944444444444 0.003914062499999993 0.008361111111111087
1 0.22936718749999999 0.49566666666666664 0.013632812500000036 0.01808333333333331
1 0.3637734375 0.6289027777777778 0.011734374999999986 0.02102777777777776
1 0.39867968749999994 0.8454861111111112 0.014453124999999956 0.026583333333333473
1 0.39965625000000005 0.20681944444444444 0.01173437500000003 0.02102777777777776
1 0.42602343749999994 0.3995277777777778 0.010093750000000058 0.016666666666666666
1 0.5595703125 0.425125 0.012921874999999972 0.02315277777777772
1 0.22692968750000003 0.6888055555555556 0.015132812500000004 0.019013888888888966
1 0.3911171875 0.5264722222222222 0.013687499999999986 0.023055555555555586
1 0.55225 0.6579861111111112 0.010054687499999914 0.02069444444444441
1 0.3522578125 0.5215833333333334 0.017414062499999973 0.023444444444444438