1 0.11840625 0.46397222222222223 0.01999218749999998 0.018152777777777847
1 0.23596093749999997 0.22526388888888887 0.013796874999999976 0.019013888888888886
1 0.37621875 0.24283333333333335 0.012968750000000018 0.029166666666666667
1 0.39624218749999995 0.515625 0.010695312499999998 0.02069444444444441
1 0.3837890625 0.40776388888888887 0.013898437499999972 0.024055555555555625
1 0.34246875 0.6921666666666667 0.01492968750000001 0.02616666666666671
1 0.7548828125 0.5228055555555555 0.018765624999999987 0.02454166666666661
1 0.348875 0.5620694444444444 0.012867187500000021 0.030763888888888858
1 0.3688984375 0.7934027777777778 0.008953125000000029 0.02262499999999995
1 0.348390625 0.5 0.012570312500000024 0.026583333333333313
1 0.276609375 0.8489583333333334 0.010734375000000008 0.025
1 0.31640625 0.6002638888888889 0.011031250000000003 0.023777777777777783
0 0.358484375 0.6890833333333333 0.00390625 0.007527777777777721