1 0.7290078125 0.5572916666666666 0.013687499999999986 0.015069444444444476
1 0.8491250000000001 0.9418472222222222 0.018265625000000084 0.042263888888888976
1 0.8662109375 0.5221388888888889 0.016726562499999886 0.020861111111111087
1 0.7080078125 0.5907083333333334 0.013585937500000079 0.020222222222222145
1 0.7475625 0.7699722222222222 0.013273437500000007 0.026805555555555492
1 0.1547890625 0.48394444444444445 0.013585937499999989 0.015916666666666718
1 0.587890625 0.796875 0.009671875000000085 0.032472222222222374
1 0.6381875 0.5026111111111111 0.017304687500000072 0.029944444444444367
1 0.8745156250000001 0.8472222222222222 0.015484375000000128 0.026694444444444482
1 0.3947734375 0.2575972222222222 0.007937499999999976 0.021930555555555585
1 0.94921875 0.6315138888888889 0.0227656249999999 0.017069444444444394
1 0.48706250000000006 0.6458333333333334 0.011734374999999986 0.0323333333333333
0 0.841796875 0.9296944444444445 0.005000000000000071 0.009916666666666806