1 0.7529296875 0.7591111111111111 0.017640624999999945 0.019763888888888914
1 0.8627968750000001 0.5390694444444445 0.016726562499999886 0.025194444444444426
1 0.6538125 0.5021666666666667 0.01615625000000005 0.030652777777777848
1 0.394046875 0.25022222222222223 0.007937499999999976 0.013361111111111117
1 0.7231484375 0.5585972222222222 0.012625000000000063 0.01808333333333331
1 0.49389843750000006 0.6267361111111112 0.010570312499999979 0.022097222222222178
1 0.9487343750000001 0.632375 0.0232421875 0.017458333333333402
1 0.71240625 0.5664027777777778 0.01040624999999995 0.022194444444444468
1 0.849609375 0.9453194444444445 0.018296875000000056 0.03901388888888878
0 0.8431171875000001 0.9296666666666666 0.004781249999999915 0.011416666666666705
1 0.155640625 0.48568055555555556 0.011328125 0.017069444444444394
1 0.868546875 0.8751805555555555 0.01750000000000007 0.027166666666666592
1 0.5942734375 0.7715138888888889 0.009929687500000029 0.022138888888888965