1 0.435546875 0.24695833333333334 0.007515624999999915 0.017944444444444468
1 0.80078125 0.38433333333333336 0.0173828125 0.02333333333333327
1 0.6567421875 0.8932361111111111 0.009929687500000029 0.0292638888888888
1 0.8681640625 0.5507777777777778 0.0224609375 0.022875000000000038
1 0.67578125 0.7387222222222222 0.012007812499999914 0.017124999999999897
1 0.6953125 0.602 0.016585937500000016 0.01779166666666659
1 0.607421875 0.43641666666666673 0.008546875000000042 0.020069444444444508
1 0.6875 0.38281944444444443 0.010570312499999979 0.030763888888888858
1 0.23669531250000003 0.44922222222222224 0.014335937500000017 0.02315277777777772
1 0.693359375 0.4285972222222222 0.016843749999999956 0.03149999999999993
1 0.7659453125 0.6595555555555556 0.015882812499999944 0.023069444444444462
1 0.56459375 0.3223611111111111 0.013656250000000014 0.022416666666666647
0 0.5641953125 0.3395 0.005429687500000035 0.01019444444444441