0 0.160921875 0.6676944444444445 0.0044921875 0.007958333333333359
1 0.44067187499999994 0.5151944444444444 0.008742187500000043 0.01808333333333331
1 0.21667187499999999 0.45052777777777775 0.012289062500000014 0.021680555555555574
1 0.3364296875 0.6419305555555556 0.013070312500000014 0.0196805555555555
1 0.1916484375 0.8611111111111112 0.014554687499999996 0.020305555555555403
1 0.3754921875 0.37066666666666664 0.015078124999999965 0.027861111111111034
1 0.3771953125 0.6736111111111112 0.014281249999999978 0.018361111111111147
1 0.7309609375 0.5481805555555556 0.01353124999999995 0.02069444444444441
1 0.3461953125 0.8159722222222222 0.0075468749999999755 0.01609722222222211
1 0.41870312500000006 0.37044444444444447 0.010007812499999958 0.018930555555555548
1 0.22936718749999999 0.2197222222222222 0.014499999999999957 0.022097222222222258
1 0.04046875 0.5473055555555556 0.021531250000000002 0.026805555555555492
1 0.14784375 0.6732361111111111 0.01945312499999998 0.025472222222222268