1 0.7099609375 0.5590277777777778 0.012625000000000063 0.020541666666666618
0 0.7919921875 0.6701388888888888 0.004414062500000071 0.007666666666666641
1 0.8413125000000001 0.8806388888888889 0.016921874999999885 0.023777777777777627
1 0.8515625 0.5677083333333334 0.0171015624999999 0.018722222222222248
1 0.389890625 0.24283333333333335 0.010648437499999996 0.02862500000000002
1 0.78271875 0.6892361111111112 0.015781250000000035 0.01822222222222223
1 0.6904296875 0.48133333333333334 0.019374999999999965 0.025194444444444426
1 0.1553984375 0.48220833333333335 0.012101562500000006 0.017527777777777784
1 0.8227578125000001 0.9357638888888888 0.0135859374999999 0.02159722222222216
1 0.611328125 0.7552083333333334 0.007375000000000043 0.01068055555555563
1 0.9501953125 0.6059027777777778 0.019195312500000127 0.04605555555555551
1 0.5087890625 0.5685833333333333 0.008445312499999958 0.021513888888888902
1 0.7193046875 0.5522916666666666 0.009742187500000022 0.01820833333333335