1 0.1860390625 0.4262222222222222 0.012867187500000021 0.01879166666666663
1 0.0833125 0.6432361111111111 0.015718750000000004 0.025194444444444426
1 0.03259375 0.5763888888888888 0.020687500000000004 0.022194444444444468
1 0.3884296875 0.3350694444444444 0.01640625 0.030305555555555547
1 0.1657734375 0.8407083333333333 0.017640624999999986 0.028722222222222312
1 0.352296875 0.6645 0.012671875000000022 0.02538888888888885
1 0.4677734375 0.5047777777777778 0.009859374999999915 0.021930555555555505
0 0.0916015625 0.64825 0.00560156249999999 0.00980555555555548
1 0.38159375 0.8259583333333335 0.014390624999999968 0.03209722222222208
1 0.42739843750000006 0.6644166666666667 0.012632812500000057 0.023236111111111138
1 0.439453125 0.34049999999999997 0.011117187500000014 0.023597222222222235
1 0.23149999999999998 0.22112500000000002 0.017226562499999966 0.022222222222222223
1 0.7529296875 0.53125 0.018617187499999945 0.023499999999999945