1 0.5791015625 0.4869861111111111 0.014671874999999978 0.025694444444444443
1 0.43921093750000006 0.7065972222222222 0.010328125000000021 0.03616666666666662
1 0.698734375 0.6501805555555555 0.011164062499999971 0.019083333333333345
1 0.8466796875 0.46094444444444443 0.0155390624999999 0.0228055555555555
1 0.155640625 0.48525 0.017046874999999996 0.018583333333333327
1 0.7094765625 0.8033888888888889 0.016984375000000006 0.02262499999999995
1 0.745609375 0.5611944444444444 0.013124999999999965 0.01865277777777771
1 0.8681640625 0.9548611111111112 0.02140625000000007 0.03431944444444449
1 0.8935546875 0.7816805555555555 0.0161015625000001 0.028055555555555618
1 0.9521484375 0.6362916666666667 0.026859375000000085 0.016486111111111118
0 0.8588906250000001 0.9444444444444444 0.005492187500000157 0.010222222222222084
1 0.5702499999999999 0.8215972222222222 0.011726562499999992 0.01395833333333327
1 0.372359375 0.265 0.016757812500000035 0.022597222222222196