1 0.720703125 0.9123333333333333 0.012968749999999928 0.022805555555555655
1 0.18103125 0.484375 0.0140625 0.019305555555555524
1 0.826171875 0.719625 0.014390625000000056 0.017944444444444468
1 0.4189453125 0.24522222222222223 0.00806249999999995 0.018583333333333327
1 0.6640625 0.48394444444444445 0.01205468750000005 0.01765277777777783
1 0.9106484375000001 0.5412361111111111 0.021210937500000072 0.021513888888888902
1 0.5439453125 0.4290416666666667 0.009859374999999915 0.016805555555555587
1 0.6767578125 0.7447916666666666 0.011828125000000078 0.027319444444444545
1 0.710453125 0.48177777777777775 0.010820312499999929 0.01923611111111114
0 0.6728515625 0.4565972222222222 0.004539062499999957 0.008513888888888883
1 0.73046875 0.4631111111111111 0.013429687500000042 0.028055555555555618
1 0.7421875 0.6289027777777778 0.018617187499999945 0.0228055555555555
1 0.83984375 0.45790277777777777 0.018906249999999857 0.023777777777777783