1 0.44800000000000006 0.32681944444444444 0.007695312499999929 0.02069444444444441
1 0.5454140625 0.3183611111111111 0.010984374999999958 0.024708333333333363
1 0.521 0.40690277777777784 0.013796875000000064 0.027000000000000076
1 0.515140625 0.8815138888888889 0.012968749999999928 0.03204166666666658
1 0.7783203125 0.48306944444444444 0.014734374999999921 0.02069444444444441
1 0.6694375 0.28102777777777777 0.012921874999999972 0.02350000000000002
1 0.315671875 0.3502638888888889 0.010906250000000029 0.025583333333333316
1 0.43676562499999994 0.23241666666666666 0.008742187500000043 0.01573611111111109
1 0.6586953125 0.5802916666666667 0.015539062500000079 0.027861111111111034
1 0.604984375 0.6523472222222222 0.010249999999999915 0.017527777777777784
1 0.46948437500000006 0.5043472222222222 0.011875000000000035 0.033361111111111084
1 0.5773359375 0.7190972222222223 0.015359375000000064 0.032972222222222236
0 0.326125 0.3681388888888889 0.006023437500000029 0.010305555555555498