1 0.1547890625 0.48306944444444444 0.015718750000000004 0.020861111111111087
1 0.6298828125 0.5056388888888889 0.015781250000000035 0.028722222222222153
1 0.3950234375 0.2708333333333333 0.011960937499999958 0.04218055555555556
1 0.732421875 0.5577222222222222 0.012101562500000006 0.01945833333333332
1 0.70459375 0.6054722222222222 0.011031249999999914 0.03518055555555561
1 0.585453125 0.8068611111111111 0.007874999999999943 0.02762500000000014
1 0.7431640625 0.7760416666666666 0.013273437500000007 0.03159722222222222
1 0.8662109375 0.5147638888888889 0.0149531249999999 0.01850000000000007
1 0.47875781249999994 0.6597222222222222 0.0119140625 0.030763888888888858
1 0.87890625 0.8394166666666667 0.016343750000000056 0.021847222222222247
1 0.9482421875 0.6315138888888889 0.022796874999999873 0.01673611111111105
0 0.841796875 0.9305555555555556 0.005000000000000071 0.009541666666666514
1 0.850796875 0.9518194444444443 0.018773437500000156 0.034277777777777865