1 0.8388671875 0.8055555555555556 0.015601562499999843 0.024708333333333284
1 0.158203125 0.4826388888888889 0.011734374999999986 0.01829166666666661
1 0.5322265625 0.5060833333333333 0.008953125000000029 0.02461111111111115
1 0.6474609375 0.7617222222222223 0.0119140625 0.018722222222222248
1 0.401859375 0.2510833333333333 0.008671874999999973 0.019305555555555524
1 0.9467812500000001 0.5529583333333333 0.014617187500000028 0.01629166666666669
1 0.6953125 0.5533888888888889 0.014335937499999929 0.02461111111111115
1 0.7822265625 0.92275 0.013632812500000036 0.022277777777777726
1 0.7251015625 0.54775 0.012867187500000021 0.018361111111111147
1 0.8501015625000001 0.5325555555555556 0.017242187500000127 0.025486111111111143
1 0.775390625 0.6514722222222222 0.016101562499999923 0.027430555555555555
0 0.7529296875 0.48654166666666665 0.003898437500000007 0.007319444444444419
1 0.73828125 0.48306944444444444 0.007062499999999972 0.01886111111111117