1 0.679203125 0.8039861111111111 0.01548437499999995 0.02474999999999991
1 0.541015625 0.8337638888888889 0.012484375000000015 0.0332361111111112
1 0.143796875 0.4861111111111111 0.01578124999999999 0.01808333333333331
1 0.3515625 0.2690972222222222 0.010906250000000029 0.020611111111111077
1 0.7036171875 0.5585972222222222 0.014554687500000085 0.019847222222222172
1 0.9385859375000001 0.6415 0.023757812499999885 0.017875000000000005
1 0.8681640625 0.6987916666666667 0.017640624999999945 0.0228055555555555
0 0.8540078125000001 0.9722222222222222 0.005578124999999901 0.01055555555555543
1 0.8115234375 0.40038888888888885 0.017304687500000072 0.026805555555555492
1 0.41102343750000003 0.7161388888888889 0.011640625000000071 0.022194444444444468
1 0.6821328125 0.6284722222222222 0.007664062499999957 0.01673611111111105
1 0.8461953125000001 0.8766666666666667 0.018523437500000028 0.022930555555555544
1 0.554078125 0.4787638888888889 0.016023437499999994 0.02513888888888892