1 0.3791484375 0.2680138888888889 0.010171874999999986 0.02369444444444445
1 0.89453125 0.8059861111111111 0.014789062499999872 0.019527777777777703
1 0.45190625000000006 0.6875 0.010648437500000085 0.02134722222222223
1 0.8544921875 0.47656944444444443 0.01717968749999983 0.01719444444444444
1 0.1560078125 0.48654166666666665 0.016460937499999995 0.02038888888888882
1 0.697265625 0.6484444444444445 0.013070312500000014 0.01808333333333331
1 0.9516640625000001 0.6362916666666667 0.023148437500000084 0.017527777777777784
1 0.7490234375 0.5577222222222222 0.012101562500000006 0.013055555555555523
1 0.7252421874999999 0.8010555555555555 0.015929687500000077 0.02045833333333336
1 0.5903359375 0.4913194444444444 0.013070312500000014 0.024708333333333284
0 0.8579140625000001 0.9418472222222222 0.004718749999999971 0.009138888888888788
1 0.869140625 0.9661527777777777 0.013796874999999886 0.029486111111111137
1 0.5808984374999999 0.8172777777777779 0.012109375 0.022208333333333347