1 0.0997890625 0.48480555555555555 0.018984374999999998 0.021180555555555557
1 0.6879921875 0.5616388888888889 0.010734375000000008 0.020541666666666618
1 0.7060546875 0.7165833333333335 0.011242187500000079 0.026375000000000013
1 0.476078125 0.5199722222222222 0.008093749999999922 0.015916666666666718
1 0.40600781250000006 0.8728333333333335 0.011593749999999936 0.026083333333333295
1 0.20935156250000003 0.14594444444444443 0.012429687499999975 0.023597222222222235
0 0.474125 0.532125 0.004414062500000071 0.011055555555555607
1 0.44067187499999994 0.6471388888888889 0.008445312499999958 0.015666666666666627
1 0.6196328125 0.17556944444444444 0.010453125000000086 0.023777777777777783
1 0.6025390625 0.8441805555555555 0.008851562499999943 0.01879166666666663
1 0.8271484375 0.5212638888888889 0.0140625 0.02509722222222229
1 0.48608593750000006 0.16243055555555558 0.01478906250000005 0.03559722222222224
1 0.274421875 0.23547222222222222 0.015570312499999961 0.026083333333333375