1 0.422656 0.751389 0.010937 0.022222
1 0.594141 0.689583 0.010156 0.020833
1 0.481250 0.489583 0.010937 0.026389
1 0.599219 0.370833 0.009375 0.022222
1 0.367578 0.153472 0.010156 0.020833
1 0.434375 0.4027777777777778 0.0078125 0.016666666666666666
1 0.487500 0.756250 0.007812 0.023611
1 0.257812 0.717361 0.012500 0.020833
1 0.423438 0.610417 0.009375 0.018056
1 0.135547 0.550000 0.017969 0.038889
1 0.525781 0.206250 0.007812 0.023611
1 0.397266 0.546528 0.008594 0.018056
0 0.378516 0.183333 0.003906 0.008333