1 0.44018750000000006 0.7413194444444444 0.009742187500000022 0.02168055555555542
1 0.49878125000000006 0.45616666666666666 0.011781249999999943 0.024333333333333308
1 0.44702343750000006 0.22720833333333335 0.007906249999999915 0.021111111111111094
1 0.39575 0.43727777777777777 0.010820312500000017 0.020611111111111156
1 0.280515625 0.31575000000000003 0.014734375000000011 0.021930555555555585
1 0.4912109375 0.28168055555555555 0.008851562499999943 0.028375000000000008
1 0.3881875 0.5599027777777777 0.010984374999999958 0.02415277777777776
1 0.5844765625 0.5638055555555556 0.012625000000000063 0.025486111111111143
1 0.3754921875 0.7756111111111111 0.011203125000000026 0.026902777777777626
1 0.4516640625 0.5963611111111111 0.009601562499999971 0.02126388888888881
1 0.4301796875 0.4704861111111111 0.013328124999999958 0.02538888888888885
1 0.2739296875 0.5959166666666667 0.01353125000000004 0.018361111111111147
0 0.2885390625 0.3634166666666667 0.004351562500000039 0.008069444444444369