1 0.2356328125 0.21975 0.017609374999999972 0.021986111111111088
1 0.3928203125 0.5169305555555556 0.010859374999999982 0.021749999999999957
1 0.3225078125 0.5798611111111112 0.012484375000000015 0.029374999999999967
1 0.23376562500000003 0.6419305555555556 0.015718750000000004 0.019527777777777703
1 0.26684375 0.461375 0.018374999999999985 0.023777777777777783
1 0.331546875 0.602 0.014898437500000038 0.023597222222222235
1 0.38428125 0.29144444444444445 0.013218749999999968 0.029486111111111137
1 0.374265625 0.38780555555555557 0.018765624999999987 0.027944444444444452
1 0.0886875 0.47483333333333333 0.019609374999999995 0.024236111111111173
1 0.255375 0.8485277777777779 0.0140625 0.026805555555555492
1 0.749515625 0.5182361111111111 0.014117187499999951 0.022347222222222265
1 0.350125 0.8198749999999999 0.013242187500000035 0.012458333333333372
0 0.2733671875 0.46875 0.005124999999999958 0.007819444444444438