1 0.11260937499999998 0.46094444444444443 0.014898437499999995 0.017527777777777784
1 0.380125 0.40038888888888885 0.014953124999999989 0.025291666666666716
1 0.390140625 0.5177916666666667 0.009273437500000004 0.018361111111111147
1 0.3442421875 0.5516527777777778 0.010406250000000039 0.02201388888888892
1 0.327390625 0.5013055555555556 0.01411718750000004 0.019166666666666603
1 0.3728046875 0.24609722222222222 0.012289062500000014 0.027430555555555555
1 0.235109375 0.22526388888888887 0.014953124999999989 0.02134722222222223
1 0.3642578125 0.7990416666666665 0.010906250000000029 0.015666666666666627
1 0.3107890625 0.586375 0.00948437499999999 0.024236111111111173
1 0.276125 0.8524305555555556 0.011328125 0.022875000000000038
0 0.3422890625 0.632375 0.003851562499999961 0.006847222222222153
1 0.3166484375 0.6870694444444444 0.013273437500000007 0.024333333333333308
1 0.7529296875 0.5138888888888888 0.01596093750000005 0.024527777777777735