1 0.6748046875 0.49393055555555554 0.015781250000000035 0.02773611111111115
1 0.8544921875 0.5629305555555556 0.019085937499999872 0.021430555555555487
1 0.76171875 0.7339444444444445 0.019164062499999978 0.021027777777777916
1 0.6020546875 0.765625 0.009195312499999986 0.03683333333333331
1 0.3903828125 0.242625 0.009195312499999986 0.015861111111111135
1 0.8540078125000001 0.9045138888888888 0.017718749999999873 0.0257777777777777
1 0.5043984375 0.5989583333333334 0.011070312500000058 0.025694444444444443
1 0.9487343750000001 0.632375 0.023953124999999888 0.019013888888888966
0 0.8149453125000001 0.7908055555555555 0.004523437499999972 0.008652777777777803
1 0.7104609375 0.5585972222222222 0.011117187500000014 0.022194444444444468
1 0.1571015625 0.4835138888888889 0.01610156250000001 0.018361111111111147
1 0.83984375 0.9427083333333334 0.019273437500000056 0.02297222222222217
1 0.7203046875 0.5580277777777778 0.009273437499999915 0.021749999999999957