0 0.5004921875 0.601125 0.004218750000000071 0.007291666666666667
1 0.4418984375 0.5868055555555556 0.007937500000000064 0.021180555555555557
1 0.44702343750000006 0.36913888888888885 0.008257812499999951 0.019611111111111117
1 0.45727343749999994 0.25325000000000003 0.013273437500000007 0.026375000000000013
1 0.5673828125 0.250875 0.011554687499999971 0.026375000000000013
1 0.515140625 0.6545138888888888 0.008953125000000029 0.02126388888888881
1 0.546390625 0.4440138888888889 0.008710937500000071 0.024333333333333308
1 0.4282265625 0.8055555555555556 0.009898437500000056 0.02519444444444458
1 0.509765625 0.7313333333333333 0.010328125000000021 0.026291666666666755
1 0.5859375 0.5373333333333333 0.01040624999999995 0.020861111111111087
1 0.397953125 0.3496111111111111 0.012773437499999974 0.030083333333333368
1 0.7094765625 0.6002638888888889 0.016585937500000016 0.02297222222222217
1 0.4770546875 0.453125 0.015078124999999965 0.0262916666666666