1 0.4008828125 0.53125 0.013218750000000012 0.02648611111111118
1 0.46753125000000006 0.25543055555555555 0.009453124999999929 0.026486111111111103
1 0.5532265625 0.4290416666666667 0.010249999999999915 0.022347222222222265
1 0.3752421875 0.6362916666666667 0.009085937499999997 0.019305555555555524
1 0.22473437500000001 0.5086805555555556 0.012101562500000006 0.019527777777777703
1 0.558109375 0.6688333333333334 0.012625000000000063 0.01822222222222223
1 0.354734375 0.5334166666666667 0.009671874999999996 0.021513888888888902
1 0.42992968749999994 0.4105972222222222 0.009671875000000085 0.017527777777777784
1 0.397953125 0.21451388888888887 0.01200781249999996 0.021430555555555564
1 0.4599609375 0.7278611111111111 0.00803124999999998 0.01886111111111101
1 0.2282734375 0.704 0.008671875000000018 0.016027777777777728
1 0.4028359375 0.8433194444444445 0.007843749999999972 0.021027777777777916
0 0.46606249999999994 0.7174444444444443 0.004851562500000029 0.008722222222222185