1 0.3876953125 0.5173611111111112 0.010531250000000015 0.0209444444444445
1 0.23522656249999999 0.22309722222222222 0.01353125000000004 0.01829166666666669
1 0.380125 0.3943194444444445 0.015078124999999965 0.0257777777777777
1 0.375 0.25672222222222224 0.01478906249999996 0.03908333333333332
1 0.3396015625 0.5373333333333333 0.010570312499999979 0.022194444444444468
1 0.3146953125 0.5043472222222222 0.012828124999999968 0.028055555555555618
1 0.11028906249999999 0.45702777777777776 0.015835937499999987 0.018361111111111147
1 0.2736796875 0.8528611111111111 0.008640624999999957 0.020541666666666618
1 0.7529296875 0.5121527777777778 0.016023437499999994 0.027430555555555555
1 0.362546875 0.8038194444444444 0.012429687499999975 0.022277777777777726
1 0.2993203125 0.6822916666666666 0.010984374999999958 0.019847222222222172
0 0.3205546875 0.5599027777777777 0.0041171874999999854 0.006902777777777816
1 0.3134765625 0.5859444444444445 0.010695312500000043 0.017458333333333402