1 0.8618203125000001 0.5399305555555556 0.016921874999999885 0.024055555555555625
1 0.49389843750000006 0.6267361111111112 0.01085937500000007 0.021749999999999957
1 0.7128828125 0.5661527777777777 0.012203124999999915 0.025
1 0.8676796875000001 0.8784722222222222 0.017304687500000072 0.030194444444444458
1 0.753421875 0.7586805555555556 0.017640624999999945 0.020305555555555403
1 0.39514843750000006 0.2532361111111111 0.011156250000000024 0.019847222222222252
1 0.6552734375 0.5021666666666667 0.014671874999999978 0.030652777777777848
0 0.8422890625000001 0.9296944444444445 0.004906250000000156 0.009569444444444583
1 0.1547890625 0.48568055555555556 0.012968750000000018 0.01850000000000007
1 0.849609375 0.9427083333333334 0.0173828125 0.03805555555555568
1 0.9487343750000001 0.6315138888888889 0.0229375000000001 0.01719444444444444
1 0.593265625 0.7686666666666667 0.006929687499999915 0.015791666666666516
1 0.72321875 0.5592222222222222 0.012124999999999986 0.019472222222222196