1 0.2302265625 0.21906944444444443 0.0140625 0.021680555555555574
1 0.331296875 0.6658055555555555 0.013742187500000025 0.01879166666666663
1 0.3735390625 0.38911111111111113 0.014898437500000038 0.026805555555555492
1 0.177125 0.632375 0.014898437499999995 0.021680555555555574
1 0.21471874999999999 0.45052777777777775 0.012148437499999965 0.02045833333333336
1 0.063046875 0.5177916666666667 0.024093750000000004 0.026694444444444482
1 0.409671875 0.3502638888888889 0.013632812500000036 0.03477777777777777
1 0.41870312500000006 0.5221388888888889 0.011593749999999936 0.01850000000000007
1 0.34375 0.8359444444444445 0.013796874999999976 0.03065277777777769
1 0.343265625 0.6349861111111111 0.013218749999999968 0.022097222222222178
1 0.224421875 0.8583333333333333 0.01682812499999997 0.02066666666666682
1 0.741703125 0.54775 0.024046874999999978 0.02077777777777783
0 0.21057031249999997 0.4605 0.005382812499999989 0.010638888888888845