1 0.745609375 0.35156944444444443 0.016843749999999956 0.024708333333333322
1 0.63428125 0.32508333333333334 0.00912500000000005 0.01829166666666669
1 0.54834375 0.47352777777777777 0.013687499999999986 0.024527777777777735
1 0.694828125 0.6454027777777778 0.008445312499999958 0.015791666666666673
1 0.61328125 0.41883333333333334 0.016726562500000063 0.02648611111111118
1 0.43725781250000006 0.24609722222222222 0.007289062499999943 0.014333333333333325
1 0.8251953125 0.49740277777777775 0.0140625 0.021513888888888902
1 0.5205078125 0.29818055555555556 0.007062499999999972 0.013472222222222207
1 0.655765625 0.5763888888888888 0.012968749999999928 0.01886111111111117
1 0.2946796875 0.34591666666666665 0.009015624999999972 0.017527777777777784
0 0.3754921875 0.29209722222222223 0.0038828125000000212 0.006874999999999984
1 0.5771484375 0.8897638888888889 0.015671874999999957 0.020861111111111087
1 0.64403125 0.7087500000000001 0.014953125000000077 0.02436111111111114