1 0.41039843749999994 0.5520833333333334 0.009898437500000056 0.019013888888888966
1 0.4575234375 0.24240277777777777 0.012531249999999971 0.02134722222222223
1 0.339359375 0.37825 0.01353125000000004 0.0209444444444445
1 0.4360390625 0.45181944444444444 0.01049218750000005 0.019166666666666603
1 0.5546875 0.5460138888888889 0.012570312499999936 0.01843055555555553
1 0.379640625 0.7530416666666667 0.012867187500000021 0.030194444444444458
1 0.49389843750000006 0.6150138888888889 0.008640624999999957 0.019305555555555524
1 0.5166015625 0.2667083333333333 0.013171874999999921 0.026291666666666675
1 0.47289843749999994 0.4431388888888889 0.014953125000000077 0.0228055555555555
1 0.640625 0.4908888888888889 0.011328125 0.026805555555555492
1 0.4072265625 0.5855 0.013429687500000042 0.01808333333333331
1 0.47309375 0.6806388888888889 0.011726562499999992 0.02212499999999993
0 0.3803046875 0.7438333333333332 0.006187499999999968 0.011319444444444571