1 0.7172890625 0.5538194444444444 0.009335937500000035 0.016597222222222284
1 0.521 0.5355972222222222 0.009335937500000035 0.027000000000000076
1 0.3942890625 0.24718055555555554 0.009124999999999961 0.023777777777777783
1 0.9453125 0.5768194444444444 0.022109375000000143 0.017388888888888863
1 0.8525390625 0.5581666666666667 0.015960937499999873 0.022194444444444468
1 0.1558828125 0.4826388888888889 0.01363281249999999 0.01843055555555553
1 0.7836953125 0.6614583333333334 0.013796875000000064 0.01991666666666671
0 0.7700234375 0.5664027777777778 0.004164062499999943 0.008291666666666704
1 0.80078125 0.9253472222222222 0.014390625000000056 0.022708333333333205
1 0.7133828125 0.47179166666666666 0.019273437500000056 0.0262916666666666
1 0.6298203124999999 0.7570138888888889 0.013015625000000064 0.020069444444444508
1 0.8404609375 0.8394583333333333 0.015804687500000015 0.023097222222222373
1 0.7080859375 0.5573333333333333 0.009335937500000035 0.016597222222222284
0 0.8349609375 0.8333333333333334 0.004812499999999886 0.01083333333333327