1 0.3478984375 0.5646666666666667 0.012531249999999971 0.02538888888888885
1 0.3518046875 0.4739583333333333 0.012382812500000017 0.02315277777777772
1 0.468265625 0.25890277777777776 0.00929687500000007 0.025097222222222212
1 0.39331250000000006 0.5069444444444444 0.016023437500000036 0.025486111111111143
0 0.3244609375 0.500875 0.004414062499999982 0.008861111111111104
1 0.521484375 0.6033055555555555 0.015898437499999928 0.021930555555555505
1 0.2580546875 0.42275 0.012429687499999975 0.01519444444444452
1 0.4453125 0.3784722222222222 0.011421874999999915 0.020541666666666618
1 0.4375 0.7465277777777778 0.011687500000000028 0.04030555555555553
1 0.4067421875 0.20301388888888888 0.009632812499999944 0.02134722222222223
1 0.219484375 0.6566805555555556 0.014007812499999961 0.022347222222222265
1 0.384765625 0.84375 0.010367187499999986 0.021111111111111174
1 0.5859375 0.46484722222222224 0.011117187500000014 0.017458333333333402