1 0.169921875 0.48654166666666665 0.01628124999999998 0.01886111111111117
1 0.5395546875 0.4730972222222222 0.008546875000000042 0.018722222222222248
1 0.8388671875 0.7704027777777779 0.015078125000000142 0.02234722222222211
1 0.666015625 0.7599861111111111 0.010328125000000021 0.01843055555555553
1 0.40893750000000006 0.2517361111111111 0.011507812500000015 0.026486111111111103
0 0.7163125 0.46094444444444443 0.00435156249999995 0.008069444444444369
1 0.765625 0.6384583333333333 0.014453125 0.023499999999999945
1 0.6782265625 0.5408055555555555 0.012625000000000063 0.019013888888888966
1 0.7446328125 0.4596388888888889 0.015249999999999986 0.02752777777777785
1 0.93359375 0.5364583333333334 0.0233281250000001 0.021847222222222247
1 0.724609375 0.5199722222222222 0.011875000000000035 0.015069444444444476
1 0.7548828125 0.9201388888888888 0.013632812500000036 0.02045833333333336
1 0.8549843750000001 0.5043472222222222 0.0173828125 0.033930555555555485