1 0.430078 0.845139 0.010156 0.023611
1 0.213672 0.554167 0.016406 0.016667
1 0.561328 0.652778 0.016406 0.025000
1 0.563281 0.459028 0.012500 0.020833
1 0.376172 0.250000 0.010156 0.019444
1 0.45234375 0.7590277777777777 0.009375 0.02361111111111111
1 0.258203125 0.7326388888888888 0.01328125 0.018055555555555554
1 0.457031 0.450000 0.007812 0.016667
1 0.418750 0.636806 0.010937 0.015278
1 0.441406 0.538889 0.012500 0.025000
1 0.501563 0.266667 0.010938 0.025000
1 0.383203 0.574306 0.010156 0.015278
0 0.548047 0.590972 0.003906 0.006944