1 0.38671875 0.6432361111111111 0.01417187499999999 0.01886111111111117
1 0.4345703125 0.425125 0.009968749999999993 0.022347222222222265
1 0.3908671875 0.22395833333333334 0.010328125000000021 0.029374999999999967
1 0.4111328125 0.5355972222222222 0.013585937500000079 0.027000000000000076
1 0.361328125 0.54775 0.011960937499999958 0.016805555555555587
1 0.46655468750000006 0.7204861111111112 0.00867187499999993 0.019305555555555604
1 0.546390625 0.43988888888888894 0.011242187500000079 0.02069444444444441
1 0.41015625 0.8415833333333335 0.009414062499999964 0.020222222222222145
1 0.23584375 0.7148472222222223 0.0140625 0.01829166666666669
1 0.22155468749999999 0.5295138888888888 0.01317187500000001 0.014222222222222235
1 0.565921875 0.671875 0.012531249999999971 0.017875000000000005
0 0.51709375 0.6918472222222222 0.004468750000000021 0.008361111111111087
1 0.4755859375 0.25477777777777777 0.007546875000000064 0.021430555555555564