1 0.0837421875 0.5138888888888888 0.0191171875 0.020611111111111156
1 0.796875 0.5607638888888888 0.022414062500000043 0.02509722222222229
1 0.2587890625 0.39301388888888894 0.014554687499999996 0.023055555555555586
1 0.47778124999999994 0.4149305555555556 0.007460937499999964 0.01886111111111117
1 0.3610859375 0.8506944444444444 0.009859375000000004 0.019847222222222172
0 0.5361328125 0.8485277777777779 0.003898437500000007 0.007944444444444483
1 0.21996875 0.20790277777777777 0.014671874999999978 0.030083333333333368
1 0.62646875 0.7608472222222221 0.008953125000000029 0.027430555555555555
1 0.6040078125 0.27105555555555555 0.011554687499999971 0.022194444444444468
1 0.655765625 0.5620694444444444 0.011374999999999958 0.02045833333333336
1 0.49682812500000006 0.2119166666666667 0.013953124999999922 0.030305555555555547
1 0.5551796875 0.8710972222222223 0.00982031249999995 0.015791666666666516
1 0.44116406250000006 0.6892361111111112 0.011960937499999958 0.03486111111111114