1 0.3962421875 0.5403611111111111 0.010406250000000039 0.015861111111111055
1 0.525390625 0.20019444444444442 0.008921875000000056 0.029486111111111137
1 0.580078125 0.43316666666666664 0.010609374999999944 0.02509722222222229
1 0.5043984375 0.7638888888888888 0.010453125000000086 0.022708333333333205
1 0.4497109375 0.7925416666666667 0.011117187500000014 0.03284722222222235
1 0.48266406249999994 0.4042916666666666 0.013273437500000007 0.026375000000000013
1 0.155765625 0.5590277777777778 0.01710156249999999 0.016597222222222284
0 0.43871874999999994 0.27755555555555556 0.0039453124999999645 0.009000000000000025
1 0.2763671875 0.7295972222222221 0.012570312500000024 0.02369444444444437
1 0.357421875 0.25716666666666665 0.009859375000000004 0.025
1 0.47192187499999994 0.532125 0.013171874999999921 0.027111111111111086
1 0.43676562499999994 0.6202222222222222 0.009929687500000029 0.016097222222222266
1 0.611328125 0.7057361111111111 0.007203125000000021 0.01772222222222221