1 0.664062 0.486111 0.010938 0.016667
1 0.710547 0.481250 0.011719 0.015278
1 0.41953125 0.24861111111111112 0.009375 0.022222222222222223
1 0.825391 0.720833 0.016406 0.025000
1 0.675781 0.743056 0.010938 0.025000
1 0.54375 0.43194444444444446 0.0109375 0.019444444444444445
1 0.742969 0.631944 0.017188 0.025000
1 0.179688 0.484722 0.014062 0.016667
1 0.839453 0.458333 0.017969 0.022222
1 0.729688 0.462500 0.014062 0.027778
1 0.910937 0.541667 0.020313 0.019444
1 0.721875 0.918056 0.014062 0.033333
0 0.674609 0.455556 0.003906 0.008333