1 0.861328125 0.4900138888888889 0.016343750000000056 0.02069444444444441
1 0.6962890625 0.6410555555555556 0.01146875000000005 0.022097222222222178
1 0.46117968749999994 0.6731805555555556 0.01146875000000005 0.02069444444444441
1 0.38428125 0.2647638888888889 0.00828906250000001 0.021847222222222247
1 0.6020546875 0.5004305555555556 0.016843749999999956 0.02826388888888892
1 0.155515625 0.49045833333333333 0.01960937500000002 0.029833333333333358
1 0.74609375 0.5538194444444444 0.014171875000000079 0.01573611111111117
1 0.9526406250000001 0.6367222222222222 0.025132812500000056 0.01629166666666669
1 0.734375 0.796875 0.012921874999999972 0.04308333333333331
0 0.853515625 0.9392361111111112 0.004593750000000086 0.008416666666666591
1 0.5835 0.8168472222222222 0.007789062500000022 0.020611111111110997
1 0.892578125 0.8237916666666667 0.019351562499999985 0.023416666666666527
1 0.8598671875000001 0.9565972222222222 0.018124999999999857 0.0382777777777777