1 0.72803125 0.5594583333333334 0.017851562499999928 0.023875000000000077
1 0.151859375 0.48741666666666666 0.01842968749999998 0.017527777777777784
1 0.694828125 0.8094583333333333 0.0154296875 0.03540277777777779
1 0.425296875 0.7131111111111111 0.012484375000000015 0.018722222222222248
1 0.5673828125 0.48480555555555555 0.01478906250000005 0.02598611111111116
1 0.947265625 0.6354166666666666 0.01930468750000003 0.020611111111111156
1 0.8837890625 0.7486944444444443 0.015960937499999873 0.01961111111111096
1 0.3635234375 0.27799999999999997 0.013898437499999972 0.04315277777777777
1 0.8330078125 0.4318611111111111 0.0173828125 0.02134722222222223
1 0.5567656249999999 0.8278472222222222 0.013570312499999914 0.0179722222222223
1 0.692875 0.6454027777777778 0.013796875000000064 0.018152777777777847
1 0.8676796875000001 0.9435833333333333 0.018718750000000027 0.033041666666666615
0 0.8608437500000001 0.9522638888888889 0.0057500000000001 0.010791666666666642