1 0.6787109375 0.5620694444444444 0.009898437500000056 0.019847222222222172
1 0.48046875 0.492625 0.008093749999999922 0.020305555555555563
1 0.20813281250000001 0.1604861111111111 0.014734375000000011 0.033361111111111126
1 0.62109375 0.174375 0.013124999999999965 0.02762500000000002
1 0.44653124999999994 0.6471388888888889 0.013171874999999921 0.021847222222222247
1 0.60303125 0.8888888888888888 0.009085937500000085 0.016347222222222197
1 0.2614765625 0.31705555555555553 0.014898437500000038 0.02529166666666664
1 0.7055703125 0.7209166666666665 0.00929687500000007 0.028944444444444408
1 0.090390625 0.48568055555555556 0.020718750000000008 0.02038888888888882
1 0.8422890625000001 0.5243055555555556 0.011960937499999958 0.024805555555555574
0 0.5400390625 0.6645 0.004523437499999972 0.009000000000000025
1 0.48706250000000006 0.16015277777777778 0.01652343750000007 0.039680555555555545
1 0.3896015625 0.8666527777777778 0.020406250000000004 0.028138888888888876