1 0.37934375 0.26675 0.013289062499999994 0.01954166666666666
1 0.44897656250000006 0.6896666666666667 0.008445312499999958 0.017944444444444388
1 0.722171875 0.8020833333333334 0.01489843749999995 0.02126388888888881
1 0.156125 0.48568055555555556 0.01684375 0.02069444444444441
1 0.7485390625 0.5599027777777777 0.015718749999999913 0.018013888888888926
1 0.6982421875 0.6471388888888889 0.011507812500000015 0.017527777777777784
0 0.8579140625000001 0.9418472222222222 0.004921875000000142 0.008652777777777803
1 0.5888671875 0.4908888888888889 0.015367187500000056 0.025583333333333277
1 0.57959375 0.8177083333333334 0.010132812500000022 0.019236111111110985
1 0.8525390625 0.47179166666666666 0.0161015625000001 0.01573611111111117
1 0.951171875 0.6349861111111111 0.0221562500000001 0.01731944444444448
1 0.89453125 0.8003472222222222 0.015671874999999957 0.02234722222222211
1 0.8686562500000001 0.9652777777777778 0.01483593749999983 0.028833333333333322