1 0.948438 0.633333 0.021875 0.016667
1 0.596094 0.764583 0.009375 0.023611
1 0.498046875 0.6173611111111111 0.00703125 0.020833333333333332
1 0.864844 0.887500 0.015625 0.025000
1 0.15625 0.48680555555555555 0.0140625 0.018055555555555554
1 0.393359 0.252778 0.010156 0.022222
1 0.758203 0.750694 0.013281 0.029167
1 0.660547 0.498611 0.016406 0.027778
1 0.861328 0.546528 0.016406 0.015278
1 0.7140625 0.5611111111111111 0.0078125 0.013888888888888888
1 0.723437 0.558333 0.006250 0.011111
1 0.851562 0.950694 0.012500 0.020833
0 0.843359 0.931250 0.003906 0.006944