1 0.0731796875 0.5095555555555555 0.01837500000000001 0.02013888888888889
1 0.22766406250000001 0.4982638888888889 0.016843749999999956 0.019166666666666603
1 0.23376562500000003 0.21647222222222223 0.01411718750000004 0.03054166666666668
1 0.7934609375000001 0.5538194444444444 0.01858593750000006 0.025874999999999995
1 0.589359375 0.5165 0.013023437500000058 0.020305555555555563
1 0.41528124999999994 0.7000833333333334 0.016218749999999994 0.02369444444444445
1 0.48315625000000006 0.8767361111111112 0.010906250000000029 0.035666666666666756
1 0.24817187500000001 0.3925833333333334 0.014281249999999978 0.021749999999999957
1 0.5439453125 0.3287777777777778 0.013374999999999915 0.03295833333333336
1 0.5141640625 0.6731805555555556 0.015367187500000056 0.0356666666666666
1 0.46313281249999994 0.27908333333333335 0.0173828125 0.05131944444444443
0 0.409671875 0.7052916666666667 0.004328124999999972 0.007124999999999993
1 0.2844375 0.8372222222222222 0.01846874999999999 0.022055555555555707