1 0.83984375 0.7903611111111111 0.017437500000000127 0.03466666666666672
1 0.4047890625 0.2482638888888889 0.0072343749999999925 0.021597222222222236
1 0.6884765625 0.5464444444444444 0.015132812499999915 0.01779166666666659
1 0.7490234375 0.45616666666666666 0.016843749999999956 0.02837499999999993
1 0.6538125 0.7630277777777777 0.013273437500000007 0.01998611111111125
1 0.5361328125 0.4895833333333333 0.010945312499999993 0.02333333333333327
1 0.1643046875 0.48654166666666665 0.01417187499999999 0.01772222222222221
1 0.724125 0.5364583333333334 0.012429687500000064 0.021847222222222247
1 0.7705078125 0.6462638888888889 0.01986718750000005 0.021930555555555505
1 0.939453125 0.5420972222222222 0.021624999999999873 0.022194444444444468
1 0.7705078125 0.9158055555555555 0.010984374999999958 0.020305555555555403
1 0.8525390625 0.5143194444444444 0.015249999999999986 0.020861111111111087